14595268606255630692592248449571715
25778916661270283073964924708563242
33 32
0 1 1 1 1
0 0 1 1 1
0 0 1 1 0
0 1 0 1 0
1 0 0 0 0
0 0 0 0 1
1 1 1 1 0
0 1 1 1 1
0 0 1 1 1
0 0 0 0 0
0 0 0 1 1
0 1 1 0 0
1 0 0 0 1
1 0 0 0 1
1 1 1 1 1
0 0 0 1 1
1 0 0 1 0
0 0 1 0 0
1 1 0 0 0
1 1 1 1 0
1 0 0 1 1
1 0 0 0 1
1 0 0 0 1
0 1 0 1 0
0 1 0 1 1
1 1 1 1 1
0 1 1 1 0
1 1 1 1 0
1 1 0 0 1
0 1 0 1 0
1 1 0 0 1
0 1 0 1 1
1 0 0 0 0
1 1 0 0 1
1 1 0 1 0
0 1 0 0 1
0 1 0 0 1
1 0 0 1 1
0 1 0 0 0
0 0 0 0 1
0 1 1 0 0
1 0 0 1 1
0 0 1 1 0
0 0 1 0 1
0 1 1 1 1
0 0 0 1 0
1 1 0 0 0
0 0 0 0 0
0 1 0 1 0
0 0 0 1 0
1 1 1 1 0
1 1 0 1 0
0 0 1 0 1
0 0 1 1 1
1 1 1 1 1
1 0 1 0 0
0 1 0 0 0
0 0 1 1 1
1 0 1 0 0
0 1 1 1 1
0 1 1 0 0
0 0 1 1 0
1 1 1 0 0
0 0 1 1 1
1 1 1 1 1

33678025630804631175141464043705673
10520785895421815336542719531446076
33 32
1 1 0 0 1
1 0 1 1 0
0 1 1 1 0
0 1 1 1 1
1 0 0 1 0
1 0 0 1 0
0 1 0 1 0
0 0 0 1 1
1 1 0 0 0
0 0 0 1 1
1 1 0 0 1
1 0 0 1 1
1 1 0 0 0
1 0 0 0 1
1 1 1 0 0
0 1 1 1 0
0 0 0 1 0
1 0 1 0 1
0 0 1 1 1
0 1 0 0 0
0 0 0 1 0
1 1 0 1 1
0 0 1 1 1
1 1 1 0 0
1 0 0 1 0
1 1 0 0 1
1 0 1 0 1
1 0 0 0 0
1 0 0 1 1
1 1 0 0 1
0 0 0 0 1
1 0 0 1 0
1 0 0 0 0
0 1 0 1 1
1 0 0 0 0
1 0 1 1 0
1 1 1 1 1
0 1 1 1 0
0 1 0 0 1
1 1 1 0 0
1 1 1 1 0
1 1 0 0 1
1 0 0 0 0
0 0 1 0 0
1 0 0 0 0
0 0 1 1 0
0 1 1 0 0
0 1 0 0 1
1 1 0 1 0
0 0 0 1 1
0 1 1 0 1
1 1 1 0 1
1 1 0 1 0
1 0 1 0 1
0 0 0 1 0
0 0 0 0 0
0 0 1 1 0
0 0 1 1 1
0 0 1 0 1
0 1 1 1 1
0 1 0 1 0
0 0 1 1 0
0 1 1 1 0
0 1 0 1 1
0 1 1 1 0

34283730979869715428905090204143694
29681154674529923965493794505437954
33 32
0 0 1 1 1
0 1 1 0 1
1 1 1 1 0
1 1 1 1 0
0 0 1 1 0
1 1 1 0 1
0 1 1 0 1
0 1 0 0 0
0 1 1 1 0
0 1 1 1 0
0 1 0 1 0
0 1 1 0 1
0 1 1 0 1
0 0 0 1 0
1 1 1 1 0
0 1 1 0 0
1 0 1 0 0
0 0 0 0 0
1 0 1 1 1
1 1 1 0 0
1 0 1 1 0
0 1 0 0 1
1 0 1 1 0
1 1 0 1 1
0 0 1 0 1
1 0 1 1 1
1 0 1 0 1
1 0 1 0 0
1 0 1 1 0
1 1 0 1 0
0 0 0 0 0
1 1 1 0 0
1 0 0 0 0
1 1 0 1 0
1 0 1 0 0
0 0 0 0 1
1 1 1 1 1
1 0 1 1 0
1 1 0 1 1
1 0 0 1 0
1 1 1 1 1
0 1 0 0 0
0 0 1 0 0
0 0 0 0 0
1 0 1 0 1
1 1 1 0 1
1 0 1 1 1
1 1 1 1 1
0 1 0 0 1
1 0 0 1 0
0 1 0 1 1
1 0 0 1 0
1 1 1 1 1
1 1 1 0 1
0 0 0 1 1
1 1 1 0 0
1 0 0 0 1
0 1 1 0 1
0 0 1 1 1
0 1 1 0 0
0 1 0 1 0
0 0 0 1 1
1 0 1 0 0
0 0 1 1 0
1 0 0 0 0

21096029219381750661727933875349256
8587152920315581875433389978994599
33 32
0 0 0 1 0
1 1 1 0 1
1 1 1 0 0
1 1 0 1 1
1 0 1 1 0
1 1 1 1 1
0 0 0 1 0
1 1 0 0 0
1 0 0 0 0
0 1 1 1 1
1 0 1 0 1
1 0 1 0 0
0 0 0 1 1
1 0 0 1 0
0 1 1 1 0
0 0 1 1 0
0 0 1 0 1
0 1 0 1 0
1 1 0 0 1
0 0 1 0 0
1 1 0 0 1
1 0 0 1 1
1 1 1 1 0
0 0 1 0 0
1 1 1 0 1
0 0 1 1 0
1 1 0 1 1
0 1 0 1 0
0 1 1 1 0
0 1 0 0 0
0 0 0 1 1
0 1 0 1 1
1 0 0 0 0
0 0 1 0 1
0 1 1 1 1
1 1 1 0 1
1 1 0 1 1
0 1 1 1 0
0 0 1 0 1
0 1 0 0 1
1 1 1 0 0
1 0 1 0 0
0 0 1 1 0
0 0 0 0 0
1 1 1 0 1
1 0 0 1 0
1 0 1 1 1
1 1 1 0 1
0 1 1 0 0
0 1 1 1 0
1 1 1 1 0
1 1 0 0 0
0 1 1 1 0
1 0 1 0 0
0 1 1 0 0
0 0 1 1 0
1 0 0 0 0
1 0 1 1 1
0 0 1 0 1
1 1 1 1 0
1 1 0 0 0
1 1 0 1 0
1 1 1 1 1
0 0 0 0 0
1 1 1 1 1

4224788970094165183405620802204003
21305616653708995533568095287566007
33 32
1 0 0 0 0
1 0 1 0 0
0 1 1 1 1
0 0 0 0 0
1 0 0 0 1
0 0 0 1 0
1 1 1 1 1
1 1 0 0 0
1 1 0 0 1
1 0 0 1 0
1 0 0 0 1
1 1 0 1 1
1 1 1 1 0
1 1 0 1 1
1 1 1 1 0
0 0 0 0 1
1 1 1 0 0
1 0 0 0 0
0 1 1 1 1
0 1 0 0 1
1 0 1 0 0
1 1 0 1 0
0 0 1 0 1
1 1 0 0 1
0 0 0 0 1
0 0 0 1 1
1 1 1 0 1
0 1 0 1 0
1 0 1 0 1
1 1 0 1 0
0 1 1 0 1
1 0 0 1 0
1 0 0 0 0
1 0 1 0 0
0 1 1 0 0
1 1 0 0 1
0 0 0 1 1
1 1 1 0 1
0 1 1 1 0
0 1 0 0 1
1 1 1 0 1
1 0 0 1 0
1 1 0 1 1
1 1 0 1 0
1 1 0 1 0
0 0 1 0 1
0 1 0 0 1
0 0 1 0 1
1 0 0 1 1
0 0 1 0 1
1 1 1 1 1
1 0 1 0 0
0 0 0 1 1
1 0 0 1 0
0 1 1 0 1
0 0 0 1 1
1 0 0 0 0
0 1 1 0 1
1 1 1 1 1
1 0 1 1 1
0 0 1 0 0
0 1 1 1 1
0 0 0 0 1
1 1 1 1 0
1 0 0 1 1

19821818945688794613806434890457021
19911674263314607737420824807315060
33 32
0 1 0 0 0
0 0 1 1 0
1 0 0 1 0
1 0 0 0 1
0 0 0 0 1
0 1 0 0 1
1 1 1 0 1
0 1 1 0 0
1 0 0 1 0
1 1 0 0 1
1 0 0 1 1
1 0 1 0 1
1 1 1 1 1
1 1 1 1 0
1 1 0 1 0
0 0 0 1 0
0 1 0 0 1
1 1 1 0 0
1 1 0 1 1
1 1 0 1 0
1 1 0 1 0
0 0 1 1 0
1 1 0 1 0
1 0 1 0 1
1 1 1 1 0
1 1 0 0 0
1 0 0 0 1
0 0 0 0 0
1 0 1 0 0
0 0 1 0 1
0 0 1 1 1
0 1 0 1 1
1 0 0 0 0
0 0 0 0 1
0 1 1 0 0
0 1 0 1 0
1 1 1 1 1
1 0 0 0 1
0 0 0 0 0
0 1 0 0 1
1 1 1 0 0
1 0 0 1 0
0 0 1 1 0
1 0 0 0 0
0 0 1 1 1
0 0 1 1 1
0 1 0 1 0
1 1 0 1 1
0 1 0 1 0
0 0 0 0 0
1 1 0 1 1
1 0 1 1 0
0 0 0 1 0
0 0 1 0 0
1 0 0 1 1
1 1 1 1 0
1 0 0 0 0
0 0 0 1 0
1 1 1 1 0
0 1 0 0 1
1 0 1 1 0
1 1 0 0 0
0 1 1 0 1
0 0 0 0 0
0 1 1 1 1

474132682358888997153067527964725
30972262061617344318037547991564464
33 32
1 0 1 0 1
0 1 1 0 1
0 1 0 0 1
0 1 0 1 0
1 1 0 0 1
1 0 0 1 0
0 0 0 1 0
1 1 1 0 0
1 1 0 0 0
1 1 1 0 0
1 0 1 0 0
1 1 1 1 0
0 0 1 1 0
1 1 1 1 0
0 0 0 1 1
0 0 0 0 1
0 0 0 0 1
0 1 1 0 1
0 1 0 1 1
0 0 0 0 0
0 1 0 1 1
0 0 0 1 0
0 1 1 1 0
1 0 1 0 1
1 0 1 0 0
1 0 0 0 0
0 0 0 1 0
1 0 0 1 1
0 0 0 0 1
1 1 1 0 1
1 1 1 1 1
0 1 0 1 1
1 0 0 0 0
0 1 0 0 0
1 0 1 1 0
0 1 1 1 0
0 0 1 1 1
0 1 1 1 1
1 0 1 0 0
0 0 0 0 0
0 1 1 0 0
0 0 1 1 0
0 1 1 1 1
0 0 1 0 0
1 0 0 0 1
1 0 0 0 0
1 0 0 0 0
1 1 0 1 0
0 1 1 0 1
0 0 1 1 0
0 1 0 1 1
1 0 0 1 0
1 1 1 0 1
0 0 0 1 0
1 1 1 1 1
1 1 0 1 1
1 0 1 1 1
0 0 1 1 0
1 0 1 1 0
1 0 0 1 1
1 0 0 1 0
1 1 0 0 0
1 1 0 1 1
1 0 0 1 0
0 0 1 0 0

294377573295395478423941497033132
19184742372062054476457975115285423
33 31
1 1 0 1 1
1 0 1 0 0
0 0 0 0 1
1 1 1 0 0
1 0 0 0 1
1 0 1 0 0
0 0 0 1 1
0 1 1 1 0
0 1 0 1 0
0 1 0 0 1
1 0 1 0 1
1 0 1 0 0
0 1 0 1 0
0 0 0 0 0
0 0 0 1 1
1 1 1 1 1
1 0 0 1 0
1 1 0 0 0
1 0 0 1 0
0 0 1 1 1
1 1 0 0 1
0 1 1 1 1
1 0 1 1 1
1 1 0 1 1
0 1 0 0 0
1 1 0 0 0
0 0 1 1 0
0 0 0 0 0
0 1 0 0 1
0 0 0 1 1
1 1 0 1 0
1 1 0 0 1
1 0 0 0 0
0 0 1 1 0
1 1 0 1 1
0 0 0 1 1
0 0 0 1 1
1 0 1 1 0
1 0 0 0 0
1 0 1 0 1
0 0 1 1 1
0 0 0 0 1
1 0 1 1 1
0 1 0 1 0
0 1 1 0 0
1 0 0 0 0
1 1 1 1 1
0 1 1 0 1
1 1 1 1 0
1 1 1 0 1
1 1 1 0 1
0 1 0 1 1
1 1 0 0 1
1 0 1 1 1
1 0 0 1 0
0 0 1 1 0
0 0 1 1 0
1 1 0 0 0
0 0 0 1 1
0 0 1 1 1
1 0 0 0 0
1 0 0 0 0
1 1 1 1 1
1 1 1 1 1

12132995751199027230406656176451796
6117034227309486075341832820433142
33 32
1 0 0 0 1
1 1 0 1 0
1 1 1 0 0
0 1 0 1 0
1 1 0 0 0
0 1 1 0 1
0 1 1 0 1
0 0 1 0 1
0 0 1 1 0
1 1 1 0 0
0 1 0 0 1
0 0 0 1 0
0 0 0 1 0
0 0 0 1 1
0 1 1 1 1
0 1 0 1 1
0 0 0 1 0
0 0 1 0 1
0 0 0 0 1
1 0 1 1 0
1 0 0 0 1
0 0 0 1 0
0 0 1 1 0
1 1 1 0 0
1 0 1 1 0
0 1 0 1 1
1 1 0 1 1
1 0 1 0 1
1 0 1 0 0
0 1 1 0 1
0 0 1 0 1
0 1 1 1 1
1 0 0 0 0
0 0 1 1 1
0 1 1 1 1
0 1 1 0 0
1 0 1 0 1
1 1 0 1 0
1 1 0 0 0
0 1 1 1 0
0 0 0 0 0
0 0 1 1 1
0 0 1 0 1
1 0 0 1 1
1 0 1 0 1
0 0 1 0 0
1 1 1 1 1
0 0 0 1 0
0 1 0 0 0
0 1 1 1 1
0 0 1 1 0
1 0 1 1 0
1 0 0 1 0
1 0 1 1 1
0 1 0 0 0
1 0 1 0 1
0 1 1 1 0
1 1 0 1 0
1 1 0 0 0
1 0 0 0 1
1 1 0 0 0
1 1 0 0 0
1 0 0 1 1
1 0 1 1 1
1 0 0 1 0

16865916185496978965971719459962038
22613173435809682235244444456238128
33 32
1 0 0 1 0
0 0 1 1 1
1 1 1 1 1
1 0 1 1 0
0 1 1 1 0
0 0 1 0 0
1 0 1 0 1
1 1 0 0 1
1 0 1 1 0
1 1 0 0 1
0 1 0 0 0
1 1 1 1 0
0 1 0 1 1
1 0 0 0 1
1 1 1 1 0
0 1 0 1 0
1 1 0 0 1
1 1 0 1 0
1 0 0 1 1
1 0 0 0 1
1 1 0 1 1
1 0 1 0 0
0 1 0 0 0
0 1 1 1 0
0 1 0 0 0
0 1 0 0 0
0 1 0 1 1
0 1 1 0 0
0 1 1 1 0
1 0 1 1 1
0 0 0 1 0
1 1 1 0 0
1 0 0 0 0
1 1 0 1 1
1 1 1 1 0
0 0 1 1 0
0 0 0 1 1
0 1 0 1 0
0 0 1 0 1
1 1 1 1 0
1 1 1 0 1
0 0 1 1 1
0 1 1 0 0
0 1 0 1 0
0 1 1 1 0
1 1 0 0 0
0 1 0 0 0
1 0 0 0 0
1 1 0 1 1
1 1 1 0 0
1 1 0 1 1
1 0 1 1 1
1 1 1 0 1
0 1 1 0 0
1 1 1 0 0
1 0 1 0 1
0 1 1 1 0
0 1 0 1 0
1 1 0 1 0
1 1 0 0 1
0 1 1 0 0
0 0 0 1 0
1 1 0 1 0
0 0 1 1 1
1 0 0 1 0

29014140171357846595749564556984802
1242541674657217984522743488190329
33 32
0 0 1 1 0
1 1 0 0 1
1 0 0 0 1
0 0 1 0 1
1 1 0 0 1
1 1 1 0 0
0 0 1 1 0
0 0 1 1 1
1 1 1 0 0
1 1 0 1 1
0 1 1 0 1
1 0 0 1 0
1 1 1 0 0
0 0 1 0 1
1 0 0 0 1
0 0 0 1 0
0 0 1 1 0
1 0 0 0 0
0 1 0 0 0
1 0 0 0 0
0 1 1 0 1
0 1 1 0 0
1 0 1 1 0
0 0 0 0 1
1 1 0 1 0
0 0 0 1 0
0 1 1 0 0
1 1 1 0 0
1 0 0 0 1
0 0 1 0 1
0 0 1 0 0
1 0 0 1 1
1 0 0 0 0
1 0 1 0 1
1 1 1 0 0
0 1 0 0 0
0 1 1 1 0
1 1 1 1 1
1 1 0 1 1
1 0 1 1 0
0 0 1 1 0
0 1 1 0 0
1 1 0 0 0
0 0 1 1 0
1 0 1 0 1
1 0 1 0 0
0 0 1 1 1
1 1 0 0 1
1 0 0 1 1
0 1 1 1 1
1 1 1 0 1
1 0 1 0 1
0 1 1 1 0
1 0 0 0 0
0 1 0 0 0
0 0 1 1 1
0 1 1 1 0
1 1 0 0 1
0 0 1 1 1
1 0 0 1 0
0 1 1 1 0
0 1 0 1 0
1 0 0 1 0
0 1 1 0 1
1 1 1 0 0

11350111567136877009354981787499956
6102869559335618114624014032181117
33 32
0 1 1 0 0
1 1 1 0 0
1 0 1 0 0
0 1 0 1 1
0 1 1 0 0
1 0 1 1 1
0 1 1 1 0
0 1 0 1 1
1 0 0 0 1
1 0 0 0 1
0 0 0 1 1
1 1 0 0 1
1 1 1 1 1
0 1 1 0 1
0 0 0 1 1
1 1 0 1 0
0 0 1 1 1
1 0 1 1 1
1 1 1 0 0
0 1 0 1 1
0 1 1 1 0
0 1 0 0 1
0 0 0 0 0
0 0 0 1 0
0 0 0 0 0
0 1 0 0 1
1 0 1 0 1
0 1 1 1 1
0 1 0 0 1
0 1 1 0 1
0 1 0 1 0
1 1 0 0 1
1 0 0 0 0
1 0 1 1 1
1 0 0 1 1
1 0 0 1 0
0 1 1 0 1
1 1 0 0 0
1 1 0 1 1
1 1 0 0 0
0 1 1 1 1
0 1 0 1 0
0 0 0 0 1
0 0 1 0 1
1 1 0 1 0
0 1 0 0 0
0 0 1 0 1
0 1 1 1 1
0 1 0 1 0
0 1 1 0 0
0 0 1 1 0
0 1 1 1 0
1 1 1 1 1
1 0 0 0 1
1 1 1 1 0
0 1 0 1 1
0 0 0 1 0
1 1 1 0 1
0 0 0 1 0
0 1 1 1 1
1 1 1 1 0
0 1 0 1 1
0 1 0 1 0
1 0 0 1 1
1 1 0 1 0

5801478845388741682824979190765060
14623674395231018979646412018167575
33 32
0 0 0 0 0
1 1 0 1 0
1 1 1 0 0
1 1 0 0 1
1 0 0 0 0
0 1 0 1 0
1 1 1 0 0
0 1 1 0 1
1 1 0 0 1
0 1 0 0 1
1 1 1 0 1
0 0 0 1 0
1 1 1 0 0
1 1 0 0 0
0 0 0 1 1
1 1 1 0 1
1 0 0 1 0
0 1 1 1 1
1 1 1 0 0
0 1 1 1 0
1 0 1 1 0
0 0 1 1 0
1 1 1 0 1
0 1 1 1 1
0 1 0 0 1
0 0 0 0 0
0 0 0 0 1
0 1 1 1 1
1 0 0 0 0
1 0 1 0 0
1 0 0 0 0
0 0 0 0 1
1 0 0 0 0
0 0 0 0 0
0 0 1 1 0
1 0 0 1 1
0 0 0 1 0
1 0 0 1 0
0 0 1 1 1
1 0 0 1 1
1 0 1 0 0
1 0 1 0 0
0 0 1 0 1
0 0 0 1 1
0 0 1 1 1
1 0 1 0 1
0 0 1 1 1
1 1 0 0 1
0 0 0 0 0
1 0 0 1 1
1 1 1 1 1
0 1 1 1 1
0 1 1 0 0
1 1 1 1 1
0 1 0 0 1
1 1 0 0 1
1 1 0 0 1
1 1 1 1 0
0 0 1 0 1
0 1 1 1 0
1 0 0 1 1
0 0 0 1 0
1 1 0 0 1
0 1 0 1 0
1 0 1 1 0

34274109686090944535296618261310783
10162380028802946880290815646067612
33 32
0 0 1 0 0
0 0 0 1 1
0 0 0 0 1
0 1 1 0 1
1 0 1 0 0
0 1 1 0 1
1 0 0 0 1
1 1 1 0 1
0 0 1 1 0
0 0 0 0 1
0 0 0 0 0
1 0 1 0 0
0 0 0 1 0
0 0 1 0 1
0 1 0 1 1
0 0 0 0 1
1 0 1 1 0
1 0 1 0 1
0 1 0 1 1
1 0 1 0 1
1 1 0 0 0
0 1 0 0 0
0 0 1 1 1
1 1 1 1 1
0 0 0 0 0
1 1 1 0 1
0 1 1 1 0
1 1 1 1 1
1 1 1 0 0
1 0 1 0 1
1 0 1 0 1
1 1 1 0 0
1 0 0 0 0
0 0 0 1 0
0 1 0 0 1
1 1 0 1 0
1 0 1 1 0
1 0 1 0 0
1 1 0 0 1
0 0 1 0 1
0 1 1 0 1
0 0 0 1 1
1 0 1 0 0
1 1 1 1 1
1 1 1 1 1
1 1 0 0 0
1 0 0 0 1
1 1 0 0 1
1 1 1 0 0
1 1 0 1 1
0 1 0 0 1
0 0 1 1 0
0 0 0 1 1
1 0 0 1 1
0 1 0 0 0
1 1 0 0 1
0 1 1 1 0
0 0 1 0 1
1 1 0 0 1
1 0 1 1 1
1 0 0 1 1
1 0 0 0 0
0 1 1 1 0
0 1 1 0 1
0 0 1 1 0

5738466033127645242070659881450941
29577888963648968083302019397866964
33 32
1 0 0 1 1
0 0 1 1 1
1 1 0 0 0
1 1 1 1 0
1 1 1 1 0
0 1 0 1 1
1 1 0 1 0
0 1 1 0 0
1 0 0 1 0
0 0 1 0 0
0 1 1 1 0
1 0 1 0 1
1 0 0 1 1
1 0 1 0 0
0 1 1 0 0
1 1 1 1 1
1 0 0 0 1
1 0 1 0 0
1 0 0 0 1
1 1 0 1 0
0 0 1 1 1
0 1 1 0 0
0 0 1 1 1
0 1 0 0 1
1 0 1 0 1
1 1 1 1 0
1 1 1 1 0
1 0 1 0 0
0 0 1 0 0
0 0 0 0 0
1 1 1 0 1
1 0 0 1 0
1 0 0 0 0
1 0 0 1 1
1 1 1 1 0
0 1 0 1 1
0 0 1 1 1
1 0 0 0 1
0 1 1 0 1
1 1 0 0 0
0 1 1 1 0
0 1 1 1 0
1 0 0 0 0
1 0 1 0 0
1 1 0 1 0
1 0 1 0 0
0 0 0 0 1
0 0 0 1 1
1 0 0 0 1
1 1 0 1 0
1 0 1 0 0
1 1 0 0 1
0 1 1 0 1
1 0 0 1 0
1 1 1 0 1
1 1 0 1 0
1 0 0 0 0
1 1 1 0 0
1 1 0 0 0
0 1 0 0 0
0 1 1 0 0
0 0 0 0 1
1 1 1 1 1
1 0 0 1 1
0 1 1 1 1

2409245837632959157352406230873720
16625684352061391691687118556883485
33 32
1 1 0 0 1
1 1 1 1 0
1 1 1 1 1
1 1 1 0 1
0 1 0 0 1
1 1 0 1 1
1 1 1 1 0
1 0 1 1 1
1 0 0 0 1
0 0 1 1 1
0 1 1 0 1
1 1 1 1 0
1 1 0 0 1
1 1 0 1 1
1 1 1 0 1
1 0 0 0 0
0 1 0 0 0
0 0 1 1 1
1 0 0 0 1
0 0 0 1 1
1 1 0 0 1
0 1 0 0 1
1 1 0 0 1
1 1 1 1 0
1 0 0 1 0
0 1 0 1 0
0 0 1 0 1
1 1 0 1 0
0 0 0 0 1
0 0 0 1 0
0 1 1 1 0
0 0 0 0 0
1 0 0 0 0
1 0 0 1 1
1 0 0 1 0
1 0 1 0 1
1 1 0 1 1
1 1 0 1 1
1 0 1 0 0
1 1 1 1 0
0 1 1 1 1
0 1 1 0 1
1 0 1 0 0
0 0 0 0 0
0 1 0 0 1
1 1 1 1 1
0 1 1 1 0
1 1 1 1 0
1 1 0 0 0
1 1 0 1 0
0 0 0 1 1
1 1 1 0 0
0 0 0 1 1
1 1 1 0 1
0 0 1 1 1
0 0 1 0 0
1 0 0 1 0
1 0 0 1 0
0 1 1 0 1
0 0 0 0 1
1 1 0 1 1
0 0 1 0 0
1 1 1 1 1
1 0 0 0 1
1 0 1 1 1

33518604009414906757709750626830909
30118847525854603486256930033177688
33 32
0 0 0 0 0
0 1 1 1 0
0 1 0 0 1
0 1 1 0 1
0 0 0 0 1
1 1 1 0 1
0 1 0 0 0
1 1 0 0 0
0 0 1 0 0
1 0 1 0 0
1 1 1 1 0
0 1 1 0 1
0 1 0 0 1
1 1 0 0 0
0 0 0 0 0
0 1 0 0 1
0 0 1 0 1
0 0 1 0 1
0 1 1 1 0
1 1 0 0 1
0 1 0 1 1
0 0 1 0 1
1 1 0 1 0
1 0 1 0 1
1 0 1 0 0
1 0 0 0 1
0 1 1 1 0
0 1 0 0 1
1 0 0 1 0
1 0 1 0 0
0 1 1 0 1
0 0 1 0 0
1 0 0 0 0
0 0 0 0 0
1 0 1 1 1
1 1 0 1 1
0 1 0 0 1
1 0 1 1 1
0 0 0 0 0
0 1 0 0 1
1 0 0 1 0
1 0 0 0 0
1 0 0 0 1
0 0 1 1 1
1 1 1 1 1
0 1 0 1 1
1 1 0 0 1
1 1 1 0 1
1 0 0 1 1
1 0 0 1 1
1 1 1 0 1
1 0 0 1 0
0 1 1 0 1
1 1 0 1 0
0 1 0 0 1
1 0 1 0 1
0 1 0 1 0
1 1 1 0 1
0 0 1 1 0
0 0 0 1 1
0 1 1 1 1
0 1 1 0 1
1 0 0 0 1
0 0 1 0 1
1 0 0 1 1

16635897491748149285114456110022762
22359994064803778791407628166987750
33 32
1 0 0 0 1
0 1 0 0 0
0 0 0 0 0
1 0 0 0 0
1 1 1 0 1
0 1 0 1 0
0 1 1 0 1
1 1 1 0 0
0 1 0 0 1
1 0 0 0 1
1 1 1 1 0
1 0 1 0 0
1 0 1 0 0
0 0 0 1 0
1 1 0 0 1
1 0 1 0 0
1 0 1 0 1
0 1 1 0 1
0 0 1 0 0
0 1 1 1 0
0 1 0 0 0
0 0 1 1 0
0 0 0 0 1
0 1 0 0 0
0 0 0 0 1
0 1 0 1 0
1 1 1 1 1
1 0 0 0 0
1 1 0 1 1
1 1 0 0 1
0 0 0 1 0
0 0 1 0 1
1 0 0 0 0
0 0 1 1 0
1 1 0 0 0
1 1 0 0 1
0 1 0 1 0
1 1 0 0 0
1 0 0 0 1
0 1 1 1 0
0 1 1 1 0
0 1 0 0 0
1 0 0 0 0
0 1 1 1 0
0 1 1 0 0
1 0 1 0 0
1 1 0 0 1
1 0 0 0 1
1 0 0 0 1
1 0 1 0 0
0 0 0 0 1
1 1 0 0 1
1 0 0 1 0
0 0 0 0 1
1 0 1 1 1
1 1 0 0 0
1 0 0 1 1
0 1 1 1 0
0 1 0 0 1
0 1 1 1 0
0 0 0 0 1
0 1 1 0 1
1 0 1 1 1
0 1 1 1 1
1 0 1 0 1

7102140273509899475255473544359923
9296001013814866060791477527852737
33 32
1 1 0 0 1
0 1 0 1 1
1 0 1 0 1
1 0 1 0 1
1 0 0 1 1
1 1 0 0 0
0 1 0 1 1
1 1 1 1 1
0 0 0 0 0
1 1 0 0 0
0 0 1 0 0
0 0 1 0 1
0 1 0 0 1
1 0 0 1 1
0 0 1 0 1
0 0 0 1 0
0 1 0 0 1
1 0 1 1 0
1 0 0 0 1
1 0 1 0 0
0 1 0 1 0
0 1 1 0 0
1 0 0 1 0
0 1 1 1 0
0 1 0 0 1
0 0 0 1 0
1 1 0 1 0
1 0 1 0 1
1 0 1 1 1
1 0 1 1 0
0 0 0 1 1
1 1 1 0 0
1 0 0 0 0
0 1 0 0 1
0 0 0 0 1
1 0 1 0 1
1 1 1 1 1
0 0 0 0 1
1 0 1 1 0
1 0 0 1 1
0 1 1 0 0
1 0 0 1 1
0 1 1 1 1
0 0 0 0 1
1 0 1 0 1
0 0 0 0 1
0 1 1 1 0
0 1 1 1 1
0 0 0 0 0
0 0 0 0 1
0 0 0 1 1
0 1 0 0 1
1 1 1 0 1
0 1 0 1 1
1 1 0 0 0
0 1 1 1 0
0 0 0 1 1
0 1 0 1 1
1 1 1 1 0
1 1 0 1 1
0 0 0 1 1
0 1 0 0 0
0 1 1 0 0
1 1 1 0 0
0 0 1 1 0

31718860293430470272325695566243288
32641526104107969304195804118029174
33 32
0 0 1 0 0
1 0 1 1 0
0 0 0 1 1
1 0 1 1 1
1 1 0 1 1
1 1 1 0 1
0 1 0 1 0
1 1 1 0 0
1 0 1 1 1
0 1 1 0 0
1 1 0 1 0
1 0 0 1 1
0 1 1 1 1
1 0 0 0 0
0 1 0 0 1
1 1 1 0 1
1 1 1 1 0
1 0 0 0 0
1 0 1 0 0
1 1 0 1 1
1 0 1 1 0
0 0 0 1 0
0 0 1 0 1
0 0 0 0 0
1 1 1 0 0
0 1 1 1 0
1 1 0 0 1
0 1 0 1 0
0 0 0 0 1
1 0 1 0 1
1 0 0 1 0
1 0 0 1 1
1 0 0 0 0
1 0 1 1 0
0 0 0 1 1
0 1 1 0 0
1 1 1 0 1
1 1 0 0 0
0 0 1 0 1
1 1 0 1 0
1 1 0 0 0
1 0 0 0 0
1 0 0 1 0
1 1 1 1 1
1 0 0 0 0
1 0 0 0 0
0 1 0 0 1
0 0 1 1 0
1 0 0 0 1
1 0 1 1 0
0 0 0 0 0
0 0 0 0 1
0 1 0 1 0
1 1 1 1 1
1 1 1 0 0
0 0 1 0 0
0 0 0 1 0
1 1 1 1 1
0 1 1 1 0
1 1 1 0 1
0 1 0 0 0
1 0 0 1 0
1 0 0 0 0
0 1 1 1 0
1 0 0 0 1

12544244744584592374126201827885754
33171431862601454125991564988469961
33 32
0 0 0 0 1
0 0 0 1 1
1 1 0 1 1
1 1 1 1 0
1 1 0 1 1
0 0 1 1 1
0 0 1 0 0
0 0 1 0 0
0 0 0 1 1
0 1 0 1 0
1 0 0 0 0
0 1 1 0 1
0 0 1 0 1
1 1 0 1 0
0 1 1 0 1
0 0 1 0 0
0 0 0 1 1
0 1 0 1 0
1 0 0 1 1
1 1 0 0 0
1 0 1 1 1
0 0 0 1 1
0 0 1 0 1
1 0 1 1 0
0 1 1 0 0
0 1 1 1 1
0 1 0 0 0
1 1 1 1 1
0 1 0 1 0
0 1 1 1 1
0 1 1 1 1
0 1 1 1 0
1 0 0 0 0
0 1 0 1 1
1 1 1 0 1
0 1 1 1 1
0 1 0 1 1
1 1 1 1 0
1 0 1 0 1
0 0 0 1 1
0 1 0 1 1
1 1 1 0 1
1 0 1 0 1
0 1 0 1 0
0 0 0 0 0
1 0 0 1 1
0 0 1 0 0
1 0 1 0 1
0 0 0 1 1
1 1 0 0 0
0 1 1 1 1
1 1 1 0 0
0 1 0 1 0
0 0 1 1 0
1 0 0 1 1
1 0 1 1 0
0 0 1 1 1
1 0 1 0 0
1 1 0 1 0
1 0 1 0 0
1 1 0 0 1
0 1 1 1 1
1 0 0 0 0
0 0 1 0 1
0 1 0 0 1

11948734100561716798087859307494594
27573170619634001059069433544393272
33 32
0 1 0 1 0
0 0 0 1 1
0 1 1 0 1
1 0 1 0 0
0 1 0 0 1
0 0 0 1 0
0 0 0 0 0
0 0 1 0 0
1 0 1 0 1
0 0 1 0 0
1 0 0 1 0
0 0 0 0 1
0 1 0 1 1
0 0 1 0 1
0 1 1 1 0
1 1 0 0 1
0 1 1 1 0
1 0 1 0 1
1 0 0 1 0
0 0 1 1 0
1 1 0 1 1
0 1 1 0 0
1 1 1 0 1
0 1 1 0 1
0 0 1 1 0
0 1 0 0 1
0 1 1 1 0
0 1 0 1 1
0 0 0 0 0
1 0 1 1 1
1 0 0 1 0
0 0 0 0 1
1 0 0 0 0
0 1 0 1 1
0 1 1 1 1
0 0 1 0 1
1 0 0 1 1
1 0 0 0 0
1 1 1 1 1
1 1 0 1 0
0 1 1 1 0
0 0 0 1 0
0 0 0 1 1
1 0 1 0 0
1 1 0 0 1
0 1 0 1 0
1 1 0 1 0
0 1 1 0 1
1 0 0 0 1
1 0 1 1 1
0 1 0 1 0
1 1 1 1 0
0 1 1 1 0
0 1 1 0 0
0 1 0 0 0
1 1 1 0 0
1 1 0 0 1
1 0 1 0 1
1 1 0 1 0
0 1 0 1 1
0 0 0 0 0
0 0 1 1 1
0 1 1 1 1
1 1 1 1 0
0 1 0 1 0

25655312325591501373638223954214194
12897130574204580189863322238689641
33 32
1 1 1 0 0
1 1 0 1 1
0 1 1 0 1
1 1 0 0 1
0 1 0 0 0
1 0 0 0 1
1 1 1 1 0
1 1 0 1 1
0 1 1 1 1
0 0 1 0 0
1 1 0 0 0
0 0 0 0 1
0 1 0 1 0
1 1 1 1 0
0 1 1 0 1
1 0 1 0 0
1 0 0 1 0
0 0 0 0 1
0 0 0 0 1
0 0 0 0 1
0 0 1 0 0
0 0 1 1 0
1 1 1 0 1
0 0 1 1 0
1 1 1 0 1
1 1 0 0 1
0 0 1 0 0
1 0 0 1 1
0 1 1 0 1
0 1 0 1 0
0 0 1 0 1
0 1 0 1 0
1 0 0 0 0
1 1 1 0 0
0 1 0 0 0
1 1 1 0 0
0 0 1 0 0
0 1 1 0 1
0 0 0 0 1
1 1 1 0 1
1 0 0 1 1
1 0 1 0 1
0 1 1 1 1
1 0 0 1 1
0 1 0 1 1
0 0 0 0 1
1 1 0 0 1
1 1 1 0 1
1 1 0 0 0
1 0 0 0 0
0 0 1 1 1
0 0 0 0 1
1 0 1 1 1
0 0 1 1 0
0 0 1 1 1
0 1 0 0 0
0 0 0 0 0
1 1 1 0 1
1 0 1 0 1
1 1 0 0 1
1 0 1 0 0
0 1 0 0 0
1 0 0 1 1
1 1 1 0 0
1 0 1 1 0

4599699379688220149740789102570487
17666163817806978951006744347891819
33 32
0 0 1 1 1
0 1 1 0 1
1 1 0 0 0
1 0 1 1 0
1 0 1 1 0
1 1 1 0 1
1 0 1 1 0
1 0 0 1 1
1 1 1 1 1
1 0 1 1 1
1 1 0 0 1
0 0 1 1 1
0 1 1 1 1
1 0 1 0 0
1 1 1 1 0
0 1 0 0 0
1 0 1 1 1
0 1 0 0 1
1 1 0 1 1
1 1 0 1 1
0 1 0 1 1
0 1 1 0 0
0 1 0 1 1
1 1 1 1 1
1 1 0 0 0
1 0 0 0 0
1 0 1 1 1
1 1 1 0 0
1 1 0 1 1
1 1 1 0 1
0 1 1 0 1
1 1 0 0 0
1 0 0 0 0
1 1 1 0 1
1 1 0 0 1
1 0 1 0 0
1 0 0 1 1
0 0 1 0 1
0 1 0 1 1
1 0 1 1 1
1 1 1 1 0
0 0 1 0 1
1 0 1 1 0
0 1 1 1 0
0 0 0 1 0
0 0 1 0 1
1 0 1 0 1
0 1 0 0 0
1 0 0 0 1
0 1 1 1 1
1 1 1 0 0
1 1 0 1 0
1 0 0 0 0
1 0 1 1 0
1 0 1 1 0
0 0 0 0 0
1 1 0 1 0
0 1 1 1 0
1 1 0 0 0
1 1 1 1 0
0 0 0 0 1
0 0 0 0 1
0 1 0 0 0
0 1 0 0 1
0 1 0 1 0

22744221630498038511418485889832078
12534989656879859113981725284126523
33 32
0 1 0 0 0
0 0 0 1 1
1 1 0 1 0
1 1 0 1 1
0 0 0 0 1
0 1 1 1 1
1 1 0 1 0
0 1 0 1 1
0 0 0 0 1
1 1 1 1 1
1 0 1 1 0
1 1 1 1 1
0 1 1 0 1
0 0 1 0 1
0 1 0 1 1
0 0 0 1 0
0 0 1 0 0
1 0 0 1 1
1 1 1 1 0
1 0 0 1 0
1 0 0 1 1
0 1 0 0 0
0 0 1 0 1
1 0 0 1 1
1 0 0 0 1
1 1 1 1 0
0 1 1 1 1
1 0 1 1 1
0 1 0 1 1
0 1 0 1 0
0 1 1 1 0
1 1 0 0 0
1 0 0 0 0
1 0 0 1 1
0 1 0 1 0
0 0 0 0 0
0 0 0 1 1
1 1 1 0 1
0 0 1 0 0
0 0 1 0 1
1 0 1 0 0
0 1 1 1 1
1 0 0 0 0
0 0 0 1 1
0 0 1 1 0
0 1 0 0 0
1 0 0 0 0
0 0 1 0 0
1 1 0 1 0
1 0 1 1 1
1 0 0 1 1
1 0 1 0 1
0 1 0 0 1
1 0 0 1 0
1 1 1 0 0
0 0 0 0 1
1 1 0 0 0
0 0 1 1 0
1 0 1 0 0
0 0 0 1 0
1 0 0 0 0
1 0 1 0 1
1 0 1 1 1
1 1 0 1 0
1 0 1 0 0

3340125270976159510662095298865852
4918228328987746508287042346945499
33 32
0 1 0 1 0
0 0 0 0 0
0 0 0 1 1
0 1 0 1 1
0 0 0 0 1
1 1 1 0 1
0 1 0 0 1
0 1 1 1 1
0 0 0 0 0
0 0 1 1 0
1 1 1 0 1
1 0 0 0 1
1 1 0 0 0
1 0 1 0 0
1 1 1 1 0
0 1 1 0 1
0 0 1 1 0
1 1 1 0 1
0 1 1 0 1
1 0 1 1 0
0 0 1 0 1
1 0 0 1 0
0 0 0 1 1
0 1 0 0 0
0 0 1 0 1
1 0 1 0 0
1 0 1 1 0
0 0 0 1 0
1 0 0 1 1
0 1 1 1 1
0 1 1 1 0
0 0 0 0 1
1 0 0 0 0
1 0 1 0 1
1 1 1 1 0
0 1 1 1 0
0 0 1 1 0
1 0 0 0 1
0 1 1 0 1
1 1 1 1 1
0 1 1 0 1
1 0 1 1 1
1 0 0 1 1
1 0 0 0 0
0 1 0 1 0
1 0 1 1 1
0 0 0 0 0
1 1 0 0 0
1 1 1 0 1
0 0 0 1 0
0 0 0 1 1
1 1 0 0 1
1 1 1 1 1
0 1 0 1 1
0 0 1 0 0
0 0 0 0 0
0 1 0 1 0
0 0 0 1 1
1 0 1 1 0
1 0 0 0 0
1 0 0 1 0
0 1 1 0 0
1 1 1 0 1
0 0 0 0 0
1 1 0 1 0

17230588592330362238758075540607929
31605847149258833865850238111410998
32 31
1 0 0 0 0
0 1 1 0 0
0 1 0 0 1
1 1 1 1 0
1 1 1 1 1
0 1 0 1 1
1 0 0 1 0
0 0 0 1 1
1 0 1 1 1
0 0 1 1 0
1 1 1 0 0
0 1 1 1 0
0 1 0 1 1
0 1 1 0 1
0 1 0 1 1
1 0 1 1 1
1 0 1 1 1
0 1 1 1 1
1 1 0 1 1
0 1 1 0 1
0 0 0 1 0
0 1 1 0 1
0 0 1 0 0
1 0 1 0 0
1 1 0 1 1
0 0 0 0 1
0 0 1 1 1
1 0 1 0 1
1 0 0 1 1
0 1 1 1 0
0 1 1 0 0
1 0 0 0 0
0 1 1 1 0
1 1 1 0 0
1 0 1 0 0
1 0 0 1 0
0 0 1 0 1
1 1 0 0 0
0 1 1 1 1
0 1 1 0 0
0 1 0 0 1
0 1 0 1 1
1 0 0 0 0
0 0 0 1 1
0 0 1 1 0
0 0 1 1 0
1 1 0 0 0
0 0 1 0 0
1 0 1 1 0
0 0 1 1 1
0 1 0 1 0
0 1 0 1 0
1 1 1 0 1
0 1 1 0 1
1 1 0 0 0
0 1 1 1 1
0 0 0 1 0
1 1 1 1 0
0 0 0 1 0
1 1 1 0 1
0 1 1 0 1
1 1 1 0 1
1 1 1 0 0

34332411732949291696528012743022116
6101312056062153317584737643627334
33 32
1 0 1 0 1
0 0 0 0 1
1 0 0 1 1
0 0 0 1 1
1 1 0 0 0
1 0 1 1 0
0 1 1 0 1
1 0 0 1 0
1 0 1 0 1
0 0 1 0 0
0 0 0 0 0
1 1 0 0 1
1 0 1 1 0
1 1 1 1 1
1 1 0 0 0
1 0 1 0 0
1 1 0 1 1
0 1 0 1 1
0 1 1 1 1
0 0 1 1 1
0 1 1 0 0
0 0 1 0 0
0 1 1 0 1
1 1 1 1 0
1 1 1 1 0
1 1 1 0 1
0 0 0 0 1
0 1 1 0 0
1 0 0 0 0
1 1 1 0 0
1 0 1 1 1
1 0 1 1 1
1 0 0 0 0
0 1 0 0 0
0 0 1 1 1
0 0 0 0 0
1 1 1 1 0
1 0 1 0 0
1 0 0 1 1
0 0 1 1 1
1 1 0 0 0
0 1 0 0 1
0 1 0 0 1
0 1 0 1 1
0 0 1 0 0
1 1 0 1 0
0 0 0 1 0
0 1 0 0 0
1 1 1 1 1
1 0 0 1 0
1 1 1 1 0
0 1 0 1 1
1 1 0 0 0
1 0 1 1 1
1 1 0 0 1
1 0 1 0 0
0 0 0 0 1
0 1 1 1 1
1 1 0 1 1
0 1 0 1 1
0 1 0 1 1
0 1 1 0 0
1 0 0 1 1
1 1 1 1 0
1 0 0 1 0

25671005352472115283990874891823116
20872310307656088509232878487850396
33 32
1 1 1 1 0
0 1 0 1 1
1 0 1 0 1
0 0 0 1 0
1 1 1 1 0
1 0 1 1 0
0 1 0 0 1
1 1 0 1 0
1 1 1 0 0
0 1 1 0 0
0 1 0 1 1
1 1 0 1 1
0 0 0 1 1
1 0 0 1 0
1 0 1 1 1
1 1 1 1 0
1 0 1 1 0
0 0 1 0 1
1 0 0 1 1
0 0 1 0 0
0 1 1 1 0
0 0 1 0 0
0 0 0 0 0
1 1 1 0 1
0 1 1 1 1
0 1 0 1 1
0 0 0 1 1
0 1 1 0 1
1 1 1 0 0
1 0 1 0 0
1 1 1 1 1
1 1 0 0 0
1 0 0 0 0
0 0 1 0 0
1 0 1 1 1
1 1 0 1 0
1 0 1 1 1
0 1 1 1 0
1 1 1 0 0
1 0 1 1 0
1 0 1 0 0
0 1 0 1 1
1 1 0 1 0
0 0 1 1 0
0 1 0 1 0
1 0 1 0 1
0 1 1 0 1
0 0 0 0 0
1 1 0 1 0
0 1 1 0 0
1 1 0 1 1
1 0 0 0 1
1 1 1 0 0
0 1 1 0 0
0 0 0 0 0
0 0 1 0 0
1 1 1 0 1
1 0 0 0 0
0 1 0 1 1
0 1 1 0 1
0 1 1 0 0
0 0 0 0 1
0 1 1 1 1
1 1 0 0 1
0 1 0 0 0

7651062216897233969525710579272401
15325715722389118127567410789766118
33 32
0 1 0 1 1
0 1 0 0 0
0 1 0 1 0
1 0 1 1 1
1 1 1 0 1
1 0 1 0 1
1 0 1 1 0
1 1 1 1 0
1 0 0 0 0
0 0 1 1 1
0 1 0 0 0
1 0 0 0 1
0 0 0 0 1
0 1 0 1 0
1 1 0 0 1
1 1 1 1 1
0 1 0 1 0
1 0 0 0 0
1 1 0 1 0
0 1 1 0 0
0 0 0 1 1
1 1 1 0 0
1 1 0 1 0
0 1 1 0 1
0 0 0 1 1
1 0 1 1 1
1 0 0 1 0
1 1 1 1 1
1 0 0 0 1
1 0 1 1 0
1 0 1 0 1
0 1 1 1 0
1 0 0 0 0
1 0 0 0 1
0 1 0 0 1
1 0 0 0 1
0 0 1 1 0
1 0 0 1 1
0 0 0 1 1
1 0 0 0 1
0 0 0 1 1
0 1 0 1 1
1 0 1 1 0
1 0 1 0 1
1 1 1 0 1
0 1 0 1 1
1 0 1 0 0
1 1 1 1 1
1 0 0 1 1
1 1 1 1 0
0 0 1 1 0
1 1 0 0 0
0 0 0 0 0
1 1 1 0 0
0 1 0 1 1
0 0 1 0 1
1 0 0 1 0
0 0 0 1 0
0 1 1 0 0
1 0 1 0 1
1 1 1 1 1
1 1 0 1 0
1 1 1 1 0
0 1 1 1 1
0 0 0 1 1

10869513932878391849383521392784779
5081667668176789150623711821196416
33 32
1 0 1 1 1
0 0 1 0 0
1 1 1 0 0
0 1 0 1 1
0 1 1 1 1
1 1 1 1 1
0 1 1 0 0
0 0 0 1 1
1 1 1 1 1
1 0 1 0 0
1 0 0 1 1
1 1 0 0 1
1 1 1 0 1
1 0 1 0 1
1 1 0 0 1
1 0 0 0 1
0 0 0 0 0
1 1 0 0 1
1 1 1 1 0
1 0 0 1 1
0 0 0 0 1
1 1 0 0 0
0 0 1 0 1
0 0 0 0 0
1 1 1 0 0
0 1 1 1 1
0 1 1 0 0
1 1 0 1 1
1 1 1 0 0
1 1 0 0 1
1 1 0 0 1
0 1 1 1 1
1 0 0 0 0
1 1 1 0 0
1 1 1 1 0
1 1 1 1 1
1 0 1 0 1
0 0 1 1 1
0 1 0 0 0
1 1 1 1 0
1 1 0 0 1
1 0 1 1 1
1 1 0 0 0
0 1 1 1 0
1 1 1 0 0
1 0 1 1 1
1 1 1 1 1
1 0 0 1 1
0 0 1 1 1
1 0 0 0 0
1 0 1 1 1
1 0 0 0 0
0 1 0 1 1
1 1 1 0 1
1 1 1 1 1
0 0 1 1 1
1 0 1 0 1
1 0 0 0 1
1 1 1 0 0
1 0 0 0 0
1 1 1 1 1
1 0 1 0 0
1 1 1 1 0
0 1 1 0 0
1 1 0 0 0

2323010009120881810671016442001416
9925619319309707389311849784392648
33 32
1 0 0 0 0
1 0 1 0 1
0 1 0 1 1
0 0 1 0 0
1 1 0 1 0
1 0 0 0 1
0 1 1 1 0
1 0 1 1 1
0 0 0 0 0
1 0 1 0 1
1 0 0 0 0
1 0 0 1 1
1 1 0 0 0
0 1 1 0 1
0 0 1 1 0
1 1 1 0 1
0 1 0 1 1
0 1 0 0 0
1 1 0 1 1
1 0 0 1 0
1 1 0 1 0
1 0 1 0 1
0 1 0 0 1
1 1 1 1 1
1 0 0 0 1
1 0 0 0 1
0 0 1 1 1
0 0 1 1 1
1 1 1 0 0
0 1 0 1 0
0 1 0 0 1
0 1 0 1 1
1 0 0 0 0
0 0 1 0 1
1 1 1 1 0
1 1 1 0 1
0 1 1 0 1
1 1 0 1 1
0 0 1 1 1
1 1 1 0 0
0 1 0 1 1
1 1 1 1 0
0 1 0 1 0
0 0 1 1 1
1 1 1 1 0
0 1 0 1 1
1 0 1 1 1
1 1 1 1 0
0 1 0 0 0
0 1 1 1 0
1 0 0 1 1
0 0 0 1 1
0 0 1 1 1
1 1 0 1 0
0 0 0 0 1
1 0 1 0 1
0 0 1 0 0
0 1 0 0 1
1 0 1 1 1
0 1 1 0 1
1 1 1 1 1
1 1 1 1 0
1 1 0 1 0
1 1 0 0 0
0 1 0 1 1

26250468279043985560084206207673781
32334599475316285918015374136503153
33 32
1 0 0 0 1
0 0 0 0 0
1 0 0 0 1
0 1 1 0 0
1 0 1 0 1
1 1 0 0 0
1 1 1 0 1
1 0 1 1 1
0 0 0 1 0
0 0 0 1 0
1 0 1 1 0
1 0 0 1 0
0 1 0 0 0
0 0 1 1 1
1 0 0 1 0
0 1 1 1 1
1 0 0 0 0
1 0 0 0 1
0 0 0 1 1
0 1 1 0 0
0 1 0 1 0
0 1 1 1 0
0 0 0 0 1
1 0 1 0 0
1 1 0 0 1
1 0 1 0 1
0 1 1 1 1
1 1 1 1 0
0 0 1 1 1
0 0 0 0 1
0 1 1 0 0
0 1 0 1 1
1 0 0 0 0
1 0 1 1 0
1 1 0 1 0
1 1 0 0 1
1 1 0 0 1
1 1 1 1 0
0 0 1 1 0
0 1 1 1 0
1 1 1 0 1
1 0 1 1 0
1 0 1 0 0
0 0 0 0 1
0 0 1 0 0
0 1 0 0 1
1 0 0 1 0
1 1 1 1 1
1 1 1 1 0
0 1 1 1 1
1 0 0 1 1
1 0 0 0 1
0 0 0 1 0
1 0 1 1 1
0 0 0 0 1
1 1 1 0 1
0 1 1 1 0
0 0 1 0 0
0 1 1 0 1
0 1 1 1 0
0 0 0 0 0
0 1 1 1 1
0 0 0 0 0
1 1 1 0 0
1 1 1 1 1

16663857709448820707377636191541216
5160066580295093842444334886940857
33 32
1 0 1 0 0
0 1 1 0 1
0 1 0 0 1
1 1 1 0 1
0 1 0 1 0
1 1 1 1 1
0 1 0 1 0
1 0 0 1 0
1 0 1 0 0
1 1 1 1 1
0 0 1 0 1
1 0 0 1 0
1 1 0 0 1
0 0 0 1 0
1 0 0 1 0
0 0 1 0 0
1 1 0 0 1
1 0 1 0 1
0 0 1 1 1
1 1 0 0 0
1 0 1 0 1
0 1 0 1 1
0 0 0 0 0
1 0 1 1 1
0 0 0 1 0
1 0 1 1 0
1 0 1 0 1
1 1 0 0 0
1 1 1 0 0
1 0 0 1 0
1 0 1 0 1
0 0 0 0 1
1 0 0 0 0
1 1 0 0 1
1 1 1 1 1
0 1 1 1 0
1 1 1 0 0
0 1 0 0 0
0 1 1 1 0
1 0 1 1 1
1 1 1 0 1
1 0 1 1 1
0 0 0 0 1
1 1 1 1 1
1 0 1 1 0
0 0 1 1 0
1 1 1 0 0
1 0 1 0 1
1 1 1 1 1
0 1 0 0 1
0 0 0 1 0
1 1 0 1 0
0 0 0 1 0
1 1 0 0 1
0 1 0 1 0
1 1 1 0 1
0 0 1 0 0
0 1 0 0 0
1 1 1 0 1
0 0 0 1 1
1 0 0 0 0
0 1 0 1 0
1 1 0 0 0
0 0 1 0 1
0 1 0 1 0

3965366036681521528742275301666010
18069741538480385376937035275681535
33 32
0 1 1 1 1
1 1 0 1 1
1 0 0 1 1
1 0 1 1 1
1 1 1 1 1
1 1 0 0 1
1 0 1 0 1
0 0 0 0 0
1 0 1 0 0
0 0 0 1 1
1 1 1 1 1
1 0 1 1 0
0 1 1 0 0
1 0 1 0 0
1 0 1 1 1
1 1 1 0 0
1 0 0 0 1
0 1 0 0 1
1 1 1 1 1
1 1 1 0 0
1 1 1 0 1
1 0 0 0 0
0 1 0 1 1
0 1 1 0 0
0 0 0 1 0
0 1 1 1 1
1 0 0 0 1
1 0 1 1 0
1 0 0 0 0
1 1 1 0 0
0 0 0 1 1
1 1 0 0 1
1 0 0 0 0
1 0 1 1 0
0 1 0 0 1
1 0 0 1 1
0 0 1 1 0
0 1 0 0 0
0 1 0 0 1
1 0 1 1 1
1 0 1 1 0
0 1 1 1 1
1 1 1 0 1
1 1 1 0 1
1 0 1 1 0
0 0 0 1 1
1 0 0 1 0
1 1 1 1 0
0 0 1 0 0
1 0 0 0 0
0 0 0 0 1
0 1 1 1 0
1 1 1 0 0
0 1 0 1 0
0 1 0 0 0
1 1 0 1 1
1 0 1 0 0
1 0 1 1 1
0 1 1 0 1
0 0 1 1 0
0 1 0 0 1
0 1 0 0 1
0 0 0 1 0
0 1 1 0 1
0 0 1 0 1

20028944231284548950968711546855861
5401523586244213659406983059012095
33 32
0 0 1 0 1
1 0 0 1 0
1 0 0 1 1
1 1 1 1 0
1 1 1 1 0
0 0 0 0 0
0 0 1 0 1
0 0 0 1 0
1 1 0 1 0
0 0 0 0 1
0 0 0 0 1
0 0 1 0 0
1 0 1 0 0
1 0 0 0 1
1 0 0 1 1
1 0 1 1 0
0 0 0 0 0
0 1 0 1 1
1 0 1 1 0
0 0 0 0 0
1 1 0 1 1
0 1 1 1 1
0 1 1 1 1
0 0 1 0 0
0 1 1 1 0
0 1 1 1 1
0 0 1 1 1
1 1 0 0 0
1 1 1 1 0
0 0 0 1 1
1 0 0 1 0
0 0 1 0 0
1 0 0 0 0
0 1 1 0 0
1 0 0 1 0
0 0 0 1 0
1 0 0 0 0
0 0 0 0 0
1 0 0 1 1
1 0 1 1 1
0 0 0 1 1
0 0 0 0 1
1 0 0 0 1
1 0 1 1 0
1 1 1 0 0
1 0 0 1 0
1 0 1 1 1
1 0 1 0 1
1 1 0 0 1
1 1 1 0 1
1 1 1 0 1
1 1 1 1 1
1 1 0 1 0
1 0 1 0 0
0 1 0 0 1
1 0 0 1 1
1 0 1 1 0
0 1 0 1 0
1 0 1 0 0
0 1 0 1 1
0 0 1 0 0
1 0 1 1 0
0 0 0 1 1
1 1 0 1 1
0 0 1 0 0

14653698344340026499223671598501841
28056155986631319135640855899886450
33 32
0 1 0 1 0
0 1 1 0 0
1 0 1 1 1
1 1 1 0 1
1 0 1 1 0
1 0 1 0 0
0 0 0 1 0
0 1 0 1 1
0 0 1 1 0
0 1 0 0 1
1 1 1 1 1
1 1 1 0 0
0 1 1 1 0
0 1 0 0 1
1 1 1 1 1
1 0 1 0 0
1 0 1 0 0
0 0 1 0 1
1 0 0 0 1
1 0 0 0 0
0 0 0 1 1
1 1 1 1 1
0 0 1 0 0
1 0 0 0 1
1 0 1 0 1
0 0 1 0 1
1 0 0 0 1
0 0 1 1 1
1 0 0 0 1
0 0 1 1 0
1 0 1 1 0
0 0 0 0 0
1 0 0 0 0
1 1 0 0 1
0 0 1 1 1
1 0 1 1 1
0 1 1 0 0
1 0 1 0 1
1 1 1 1 1
0 1 1 0 1
1 1 1 1 0
1 0 1 1 1
1 0 0 0 1
0 1 0 0 1
1 1 1 1 1
1 0 1 1 1
1 1 0 0 0
1 0 0 1 1
1 1 1 0 0
1 1 1 1 1
0 1 1 1 0
1 1 0 0 1
0 1 1 1 1
1 0 1 1 1
0 0 0 1 0
1 1 0 0 1
1 0 0 1 0
1 1 1 0 0
0 1 0 0 1
1 1 1 0 0
1 1 0 0 0
0 0 0 0 0
1 0 0 1 1
0 0 0 1 1
0 1 1 0 1

22796285854240344833017705417423876
20909759927097096965900052295821670
33 32
1 1 1 1 0
0 0 0 1 1
0 1 0 1 0
1 1 1 1 0
1 1 0 1 0
1 0 0 1 1
0 0 0 1 0
1 0 1 0 1
1 0 0 0 1
0 1 1 1 0
1 0 0 1 1
1 1 0 1 1
1 0 1 0 1
0 0 1 0 1
0 1 1 0 1
0 1 1 1 0
0 1 0 1 1
0 0 0 1 1
1 1 1 0 1
0 0 0 1 0
0 0 0 1 0
0 1 1 0 1
0 0 0 1 1
0 0 0 1 0
0 0 0 0 1
1 0 0 0 0
0 1 1 1 0
0 0 0 1 1
0 0 1 0 1
0 0 1 0 0
0 1 1 0 1
1 0 1 1 1
1 0 0 0 0
1 0 1 1 0
1 0 0 1 0
1 0 0 0 0
1 0 0 1 0
1 0 1 1 0
0 0 0 1 1
1 1 1 1 1
1 1 0 1 0
0 0 0 0 0
0 0 0 0 1
1 0 0 1 1
0 0 0 1 0
1 0 1 1 0
0 0 1 1 1
0 0 1 0 1
0 1 1 0 1
0 1 1 0 1
1 0 0 0 0
1 1 0 1 1
0 1 0 1 0
0 1 0 0 0
0 0 1 0 1
0 1 0 0 0
0 1 1 1 1
0 1 1 1 1
1 0 1 0 1
0 0 0 0 0
1 0 1 1 0
0 0 0 1 0
1 1 0 1 1
0 0 0 1 0
0 1 1 1 0

31908766436394311988596286564901033
30245891027921964800213957993437018
33 32
0 1 1 0 0
1 1 1 1 0
1 0 1 1 0
1 0 0 1 0
0 0 1 0 1
0 0 1 1 0
1 0 0 1 1
1 0 1 1 1
0 0 0 0 1
1 0 1 1 1
1 1 1 0 1
1 1 1 1 1
0 1 0 0 1
0 0 1 0 0
0 0 0 0 1
1 1 0 1 0
0 1 0 1 1
1 0 1 1 0
0 1 1 0 1
1 1 0 1 0
1 0 1 1 1
1 1 1 1 1
0 0 0 1 0
1 0 0 0 0
1 1 0 0 0
0 1 1 0 0
1 1 0 1 1
1 1 1 1 1
1 0 1 1 0
0 0 0 1 0
0 1 1 1 1
1 0 1 1 1
1 0 0 0 0
1 0 0 0 0
0 0 0 0 0
1 0 1 0 1
0 1 0 1 0
0 0 1 1 1
0 1 0 0 1
0 1 1 0 0
0 0 0 1 0
0 0 0 0 1
0 0 0 0 1
0 1 0 1 0
1 0 0 1 1
1 0 0 1 1
0 0 1 1 0
0 1 0 0 0
0 1 0 1 1
0 1 1 0 1
0 0 0 1 1
0 1 0 0 1
1 1 0 1 0
1 0 1 0 1
1 1 1 1 0
0 0 1 1 1
0 0 1 1 0
0 0 1 0 0
1 1 1 1 0
1 1 0 1 1
1 1 0 0 1
1 0 0 1 1
1 0 1 0 0
1 1 1 0 1
0 0 0 0 1

25405788961166709285179758953440821
52523066683743007528578763188246
33 32
1 0 1 1 0
1 1 1 0 1
1 1 1 0 1
0 0 0 0 0
0 0 0 0 0
1 0 1 0 1
0 1 0 0 1
0 1 0 0 0
0 1 0 1 1
0 1 0 0 1
0 0 1 0 0
0 1 0 1 1
0 1 0 1 0
0 0 0 1 0
1 0 0 0 1
1 0 1 0 0
1 0 1 1 0
0 1 1 1 1
1 1 1 1 0
0 1 1 1 1
1 1 0 0 1
0 1 1 1 0
1 0 1 1 0
1 0 0 0 1
0 1 1 1 1
1 1 1 1 0
1 1 0 1 1
1 1 1 1 0
1 1 1 0 1
0 1 1 0 0
1 0 1 0 0
0 1 1 1 1
1 0 0 0 0
0 0 0 0 1
0 0 0 0 0
1 0 1 0 1
1 0 0 1 1
1 0 1 0 0
0 0 0 1 0
0 1 1 1 0
1 0 1 1 0
0 1 1 1 1
1 1 0 1 1
0 1 0 1 1
0 1 1 1 0
0 1 0 1 0
0 0 1 1 1
0 1 1 0 0
0 0 1 1 0
1 1 1 1 0
0 0 1 1 1
0 0 1 0 0
0 0 1 0 1
0 0 1 0 1
1 0 0 0 1
0 1 0 1 0
0 1 0 0 0
0 1 1 0 1
0 0 1 0 1
1 0 1 0 1
0 0 1 0 1
0 0 1 1 1
1 0 1 1 0
0 0 0 1 0
0 0 1 1 0

34521202288561378213342107392370166
21178418710453574835344412627059685
33 32
1 1 1 0 0
0 0 0 0 0
1 1 1 0 0
1 0 1 0 0
1 1 0 1 0
1 1 0 0 1
1 0 1 1 1
0 1 1 0 0
1 1 0 0 0
1 1 1 0 1
0 1 1 1 0
0 0 1 1 1
0 1 0 0 0
0 0 0 0 1
0 1 1 1 1
0 0 0 0 0
1 0 0 1 1
1 1 0 0 1
0 0 1 1 1
0 1 1 0 1
0 0 0 0 1
0 1 0 1 1
0 0 0 0 1
0 0 1 1 0
1 1 0 1 1
1 0 1 0 1
1 1 1 1 1
1 0 1 0 1
1 0 1 0 1
0 0 1 0 1
1 0 0 0 1
0 0 0 0 0
1 0 0 0 0
0 1 1 1 1
0 0 0 0 1
0 1 0 0 1
0 0 1 1 0
1 1 0 1 1
1 1 1 1 0
0 0 0 0 0
0 1 1 1 1
1 1 0 0 1
1 0 0 0 1
0 0 1 0 0
1 0 0 0 0
0 1 1 0 0
1 1 0 0 0
1 1 0 1 0
0 0 1 1 1
0 0 1 1 0
0 0 1 0 0
1 0 0 0 1
1 0 0 0 0
1 0 1 1 1
0 1 1 1 0
0 1 1 1 1
0 1 0 0 0
0 0 1 0 0
0 1 0 0 0
1 0 1 0 1
0 0 0 0 1
1 1 0 1 1
1 1 1 0 1
1 1 0 1 0
1 1 0 0 0

17475077290020456180489955272862923
32846349636732783774325409706434203
33 32
0 1 1 0 1
1 0 1 0 1
0 0 0 1 1
0 1 1 1 1
0 1 0 0 1
0 1 1 1 1
0 1 1 0 1
1 0 0 1 1
1 1 0 1 1
1 1 0 1 0
1 0 1 0 0
0 0 0 1 0
0 1 1 1 1
0 1 0 1 1
0 1 1 0 1
1 0 0 0 1
1 0 0 0 1
1 0 0 1 1
0 0 1 0 0
0 0 1 1 1
1 1 0 0 1
1 1 1 1 1
1 0 0 0 1
0 0 1 1 1
0 1 0 0 1
0 1 0 0 0
1 0 1 1 0
1 1 0 0 0
1 1 0 0 0
1 0 0 1 0
0 0 0 1 0
1 0 0 1 0
1 0 0 0 0
0 0 0 1 0
0 0 0 0 1
1 0 1 0 0
1 0 0 0 1
0 1 0 1 1
0 0 0 0 0
1 1 0 0 1
1 0 0 0 1
1 0 0 0 1
1 1 1 0 1
1 0 0 0 0
0 0 1 0 0
1 1 0 1 1
0 0 0 1 0
1 0 1 0 0
0 1 0 1 0
0 0 1 1 1
0 0 0 0 0
1 0 1 0 1
0 1 0 1 1
1 1 0 1 1
1 1 1 1 0
0 0 1 1 1
1 0 0 0 1
1 1 0 0 0
0 1 1 0 0
1 0 0 1 1
1 0 0 0 1
0 1 0 1 0
0 1 1 1 0
1 1 1 1 0
0 1 1 0 0

30456795108235212173502781379709355
17606058496110081769903839944597295
33 32
0 1 0 0 0
1 0 0 1 0
0 1 0 1 1
0 0 1 1 0
1 0 0 0 0
1 0 0 1 1
1 1 0 0 0
0 0 1 0 0
0 0 0 0 1
1 0 0 1 0
1 1 0 0 0
1 1 1 0 0
1 1 0 0 1
1 1 1 0 0
0 0 1 1 1
1 0 1 1 0
0 1 0 1 0
0 0 0 1 0
1 0 0 1 0
1 1 1 0 1
0 0 1 0 0
1 1 1 0 1
0 0 1 0 0
0 0 0 1 0
1 0 1 1 1
0 0 0 0 0
0 0 1 0 0
1 0 0 1 0
0 1 1 0 1
0 1 0 1 0
0 0 1 0 1
0 1 1 1 1
1 0 0 0 0
1 0 1 0 1
0 1 0 1 0
1 1 0 1 0
1 1 0 0 1
0 1 1 1 1
1 0 0 0 0
1 1 1 0 1
0 0 0 1 0
0 0 1 1 0
0 1 0 1 1
0 0 0 0 0
1 1 1 0 1
0 1 0 0 1
0 0 0 1 1
1 1 0 0 1
1 1 0 0 0
0 1 1 1 0
1 0 0 1 1
0 0 1 1 0
1 1 1 0 1
1 0 0 1 0
0 1 0 0 0
1 1 1 0 1
0 0 1 0 1
1 1 1 0 1
1 0 0 1 0
1 1 0 1 0
0 0 0 0 1
0 0 0 1 1
0 1 1 1 0
1 0 1 0 1
1 0 0 1 0

11511982124710405912189100019321934
14087182350942667517707171355760739
33 32
0 0 1 0 0
1 1 0 1 0
1 1 0 0 0
0 1 0 1 0
0 1 1 0 0
1 1 0 1 1
1 0 0 0 1
0 0 1 1 1
0 1 1 1 0
1 1 0 0 0
0 1 1 0 1
1 1 0 0 1
1 1 0 0 0
1 1 1 0 1
1 0 0 0 0
0 1 0 0 1
1 1 1 1 1
1 1 1 1 0
0 0 1 1 1
0 0 0 0 1
1 1 1 1 1
1 1 1 1 0
1 1 1 0 0
1 0 1 1 1
0 1 1 1 0
0 1 0 0 0
1 0 1 1 1
1 1 0 0 0
0 1 0 0 0
0 1 1 1 1
1 1 1 0 0
0 1 0 1 0
1 0 0 0 0
1 0 1 0 1
1 0 1 1 1
1 1 1 1 0
1 0 0 1 0
0 1 0 0 1
0 1 1 0 0
0 0 1 0 1
1 1 0 1 0
1 0 1 0 0
0 0 1 1 0
0 1 0 1 0
1 1 0 0 0
0 1 1 0 1
0 1 1 0 0
0 0 1 1 0
0 1 0 0 0
1 1 0 0 1
1 1 0 1 1
1 1 0 1 1
0 1 0 0 0
1 0 0 0 1
1 1 1 0 0
1 0 0 0 1
0 0 1 0 1
0 1 0 0 0
0 1 1 0 0
1 0 1 0 1
0 0 1 1 1
1 0 1 1 0
0 0 0 1 0
0 0 0 1 1
0 1 0 0 1

17336913877749613080566185470735934
14700616950821976670064045804143597
33 32
1 0 1 0 1
1 1 0 1 0
1 1 0 0 1
0 1 1 0 1
0 0 1 1 0
0 0 0 1 0
1 0 1 1 0
1 0 0 0 0
0 1 0 1 0
1 0 1 0 0
0 0 1 0 0
1 0 0 1 0
1 0 1 1 0
0 1 1 0 0
1 1 1 0 1
1 0 0 0 1
1 1 0 1 0
1 0 1 1 0
0 0 1 0 1
1 0 0 1 1
0 1 0 0 1
0 0 1 0 0
1 0 1 0 1
1 0 1 0 1
1 0 0 0 0
1 1 0 0 1
1 1 0 1 1
1 0 1 0 0
0 0 0 0 1
1 1 1 0 0
1 0 0 1 1
0 1 1 1 0
1 0 0 0 0
0 0 1 1 1
1 0 1 1 1
1 1 1 1 1
0 0 0 1 1
1 0 1 0 1
1 1 0 1 1
0 0 1 1 0
1 1 1 1 0
0 0 0 0 1
1 1 1 0 1
1 0 0 0 1
1 0 0 0 1
1 0 0 1 0
1 1 1 0 0
1 1 0 1 0
0 1 1 0 1
0 0 1 0 1
0 1 0 0 1
1 1 0 1 0
1 1 0 0 0
1 1 0 1 1
1 1 0 1 0
1 0 1 1 1
1 0 1 1 0
0 1 0 1 0
0 0 0 1 0
1 1 0 0 0
1 1 1 1 1
1 1 0 0 0
1 0 1 0 1
1 0 0 0 1
0 1 0 1 1

30704835893535318024126186465332069
1362429015976436117115166810590048
33 32
1 1 1 1 1
0 0 1 1 0
1 0 1 0 0
0 1 0 1 0
0 0 0 1 0
0 0 1 1 1
0 1 1 1 0
0 1 0 0 0
1 1 0 1 0
0 0 0 1 0
0 0 1 1 1
0 0 1 1 1
0 1 1 1 0
0 0 1 1 1
1 0 0 1 0
0 0 1 1 0
0 1 0 0 0
0 0 0 1 0
1 1 0 1 1
0 1 1 0 0
0 1 0 1 1
0 1 0 0 1
1 1 1 1 1
0 0 1 1 1
1 1 1 0 0
1 0 1 0 0
0 1 0 0 0
1 0 1 0 1
1 0 1 1 0
1 1 1 1 0
1 1 1 1 1
1 1 1 0 0
1 0 0 0 0
0 0 1 0 1
0 1 0 1 0
1 0 1 1 1
0 1 1 1 1
0 0 1 1 1
1 0 1 1 0
1 1 1 0 0
1 0 0 0 1
1 0 1 0 0
0 0 1 0 0
0 0 1 0 0
0 0 0 0 1
0 1 1 1 1
1 1 0 0 1
1 1 1 1 0
0 0 1 1 0
0 0 0 1 1
1 0 1 0 1
0 0 0 0 1
1 1 1 0 1
0 1 1 1 1
0 1 1 0 0
0 0 1 0 0
0 1 0 1 0
0 1 0 1 1
1 0 0 0 0
1 0 1 0 1
0 1 1 1 1
1 1 1 1 1
0 1 1 0 0
0 0 1 0 1
0 1 0 1 0

14217997124027854927869320985224828
16537597816163314823902813969824720
33 32
0 0 1 1 0
1 0 1 1 0
1 0 1 1 1
1 1 0 1 0
0 0 0 0 0
0 1 1 1 1
0 0 1 0 1
1 0 0 0 1
0 0 0 1 1
0 1 0 1 1
1 0 0 1 0
0 1 0 0 1
0 1 0 0 1
0 0 0 1 0
1 0 0 1 1
1 1 1 1 1
0 0 0 0 1
1 0 1 1 0
1 0 0 1 1
0 0 1 1 1
1 0 0 1 1
1 1 1 1 1
0 1 0 1 0
1 0 1 1 0
0 1 0 1 1
0 0 0 0 0
0 1 0 1 0
0 0 0 1 1
1 1 0 1 1
0 1 0 0 1
1 0 1 0 1
0 0 1 0 0
1 0 0 0 0
0 0 1 1 1
0 1 1 1 1
0 0 0 1 1
0 1 0 1 0
1 1 1 0 1
1 0 1 1 0
0 0 1 1 0
0 0 1 1 0
1 1 1 0 0
1 0 0 0 1
1 1 1 0 0
1 0 0 1 1
1 0 1 0 1
1 0 0 0 1
0 0 0 0 1
1 0 1 1 0
0 0 1 1 0
1 0 1 1 1
0 0 1 0 1
0 0 1 0 0
0 0 1 0 0
0 0 0 0 1
1 1 0 0 1
0 1 1 0 0
1 1 1 1 0
0 0 1 1 0
0 0 1 0 1
0 1 0 1 1
0 1 1 1 0
0 0 1 0 1
1 1 1 0 1
1 1 1 1 0

27948179560205906717105142923929411
17997052711556224523463954164488398
33 32
1 0 0 0 1
0 1 0 0 1
1 0 1 1 1
0 1 0 1 1
0 1 1 1 1
1 1 0 0 1
0 0 0 0 0
0 1 1 1 0
0 0 0 0 1
1 0 0 1 1
1 0 0 0 0
0 0 0 1 0
1 0 0 0 1
1 0 1 0 1
1 0 1 0 1
1 0 1 0 0
1 1 1 1 1
0 0 1 0 1
0 0 1 1 0
0 0 0 1 1
0 1 0 1 1
0 0 0 0 0
1 0 1 1 0
0 1 0 1 0
0 0 0 0 1
0 0 0 0 1
1 1 1 1 1
0 1 1 1 0
1 1 0 0 1
1 1 1 1 1
1 1 0 1 1
0 0 0 0 0
1 0 0 0 0
0 0 0 1 0
1 0 0 0 0
1 1 1 0 1
1 1 0 1 1
1 0 0 1 0
0 1 1 1 1
0 0 0 1 1
1 1 1 0 1
1 0 0 1 1
1 0 1 1 0
1 0 1 0 1
0 0 1 0 1
0 0 1 1 1
0 0 1 0 0
1 0 0 1 0
1 1 0 1 1
1 0 1 0 0
1 0 1 0 1
0 1 1 0 1
1 1 0 0 1
0 1 0 0 0
1 1 1 0 0
0 1 0 1 1
0 1 0 0 0
0 0 0 1 1
1 1 0 0 1
0 0 1 0 0
1 0 1 1 0
0 0 1 0 1
0 1 0 0 1
0 0 0 1 1
0 1 0 1 0

29977099726731202848924787234068145
17741619955684752249366036741770730
33 32
0 1 0 1 0
0 1 1 0 1
1 1 1 1 1
0 1 0 1 0
1 0 0 0 0
0 1 0 1 1
1 1 0 0 1
1 0 1 0 1
1 1 1 1 1
1 1 1 0 1
0 0 0 0 1
1 1 1 1 0
1 1 1 0 1
1 1 0 0 1
0 1 1 0 0
1 0 0 1 0
1 1 0 0 1
1 1 1 1 0
0 1 0 0 1
1 1 0 0 0
0 0 1 1 1
0 1 0 0 1
0 1 0 0 1
1 1 1 0 1
1 1 0 1 0
0 1 0 0 1
0 1 1 0 0
1 0 0 0 1
0 1 0 0 1
0 1 0 0 0
1 1 1 0 1
1 1 0 0 0
1 0 0 0 0
1 1 1 0 0
0 1 0 0 1
0 1 1 0 0
1 0 0 1 0
0 0 0 0 1
1 1 1 1 0
0 1 1 0 0
0 0 1 1 0
0 1 0 1 0
0 0 1 0 0
1 1 1 0 1
1 1 1 1 0
0 1 1 0 1
1 0 0 0 0
0 1 1 0 1
1 1 0 1 1
1 1 1 0 1
0 1 0 0 0
1 0 1 0 1
0 1 1 1 1
1 1 0 1 1
1 1 0 0 0
0 0 1 1 1
0 1 0 1 0
1 0 0 0 1
1 0 0 0 0
0 1 0 0 0
0 1 1 1 1
1 0 0 0 0
0 1 1 1 0
0 1 1 0 1
0 1 1 1 1

12213946953211304408610449713933664
6760257049364826975507161694140777
33 32
0 1 0 0 1
0 1 1 0 1
0 1 1 0 1
1 1 1 0 1
0 1 0 1 0
0 0 1 1 0
1 0 0 1 1
1 0 0 0 1
0 0 1 1 1
1 1 1 1 0
1 0 1 1 0
0 0 0 0 0
0 0 0 1 1
0 1 1 1 1
1 0 0 0 0
0 0 1 0 1
1 0 1 1 1
1 0 1 1 1
1 1 0 0 1
1 1 0 0 0
1 1 1 0 0
1 1 1 0 1
1 0 0 0 1
1 0 1 1 0
0 1 0 1 0
1 0 0 0 0
0 0 0 1 0
1 1 1 0 0
0 1 0 0 1
1 0 0 1 1
1 1 1 1 1
0 0 1 0 0
1 0 0 0 0
0 1 0 0 0
1 0 0 1 0
0 1 0 1 0
1 0 0 0 0
1 0 1 1 0
0 1 0 0 1
1 0 0 0 0
0 1 1 0 1
1 0 0 0 0
1 0 1 0 1
0 1 0 1 0
0 0 1 0 0
0 1 0 1 0
0 0 0 0 0
1 1 1 0 1
1 1 1 1 1
1 0 1 1 1
0 1 1 1 0
1 0 1 0 0
0 0 1 0 1
1 1 1 0 0
1 1 0 0 0
0 0 0 1 0
0 1 1 0 1
0 0 1 0 0
0 1 0 1 1
1 0 0 0 0
0 0 0 0 0
0 1 1 1 0
1 0 1 1 1
1 0 1 0 1
1 0 1 0 0

29343424492460742007653560854010167
23404238078814084718255834960940873
33 32
1 1 0 1 1
0 0 0 1 1
0 1 0 1 1
0 1 0 0 1
0 0 1 0 0
1 0 0 1 1
0 1 1 1 1
1 1 0 0 0
1 1 0 1 1
0 1 0 1 1
1 0 1 0 0
1 0 0 1 0
1 0 1 1 1
0 0 0 0 1
1 0 0 0 0
1 1 1 1 0
0 0 0 0 0
1 0 0 1 0
0 1 1 1 1
1 1 0 0 1
1 0 1 1 1
1 1 0 0 1
0 0 1 1 0
0 1 0 1 1
0 0 1 1 1
0 0 0 1 1
0 1 1 1 0
0 0 1 0 1
1 0 1 1 0
0 1 0 0 1
1 0 1 0 1
0 0 0 0 0
1 0 0 0 0
0 1 0 1 0
0 0 0 0 1
1 0 0 1 1
1 1 1 0 0
0 1 1 1 0
0 0 1 1 0
1 0 0 1 1
1 0 0 1 1
0 1 1 0 0
1 1 0 0 0
0 1 1 0 0
1 1 0 1 1
0 1 0 0 0
0 0 0 1 1
1 0 1 1 1
0 1 0 1 0
0 1 1 1 1
0 0 1 1 0
0 1 0 1 0
1 1 0 0 1
0 1 1 1 0
1 0 1 1 0
0 1 1 1 1
0 0 1 0 1
1 0 0 1 0
0 0 0 1 1
1 1 1 0 1
0 1 1 1 1
1 1 1 1 0
0 0 1 0 1
1 0 1 1 0
0 0 1 1 1

21223814566419522445116372372288362
19838260101826931734021907744947382
33 32
1 1 1 1 0
0 0 1 0 1
1 1 0 0 0
0 0 0 1 1
1 1 0 1 0
1 0 0 0 1
1 1 1 0 0
0 1 1 1 1
1 1 1 0 0
0 1 0 1 1
1 0 1 1 1
0 0 0 0 0
1 1 0 1 1
0 0 0 1 0
1 1 0 0 1
1 0 1 0 0
1 1 1 0 0
1 1 1 1 1
0 0 1 1 0
1 0 1 0 1
1 0 0 0 0
0 0 1 1 0
0 0 0 1 0
0 0 0 1 1
0 1 0 1 0
0 1 1 1 0
1 1 0 0 0
1 0 1 0 0
0 0 1 0 1
0 0 1 1 1
0 0 0 0 1
0 0 0 0 0
1 0 0 0 0
1 1 1 0 0
0 1 0 0 1
0 1 0 1 0
1 0 0 1 1
1 1 1 1 0
1 1 1 1 1
0 0 1 0 0
0 1 1 0 1
0 1 0 0 0
1 1 0 1 1
1 0 1 0 1
1 1 1 0 1
0 1 1 0 1
0 1 0 1 0
1 0 1 1 1
0 1 0 0 1
1 0 0 1 1
1 1 1 0 1
1 0 0 0 1
1 1 1 1 0
1 0 1 0 0
0 0 1 0 1
1 0 1 1 0
0 0 0 0 0
0 1 1 1 1
1 0 0 1 0
0 0 0 0 0
0 0 0 1 1
0 0 1 0 1
0 1 1 1 1
0 1 1 1 0
0 0 0 1 0

10500216096335527031142546316384538
34524014593440558028725512081502078
33 32
1 0 1 0 1
1 0 0 0 0
1 1 1 0 0
1 1 1 0 1
0 0 0 1 1
0 0 0 0 1
1 1 0 0 0
0 0 1 0 1
1 1 1 0 1
0 1 0 0 0
1 1 1 0 0
1 1 1 1 1
0 1 0 0 0
0 1 0 0 1
0 0 1 1 1
0 1 0 1 1
1 1 1 0 0
0 1 0 1 1
0 1 1 0 1
0 1 1 1 1
1 1 0 0 1
0 0 1 0 1
0 0 0 1 1
1 0 0 0 1
1 1 1 1 1
1 1 1 0 1
1 1 1 0 1
1 1 0 0 0
0 0 1 1 1
0 1 0 1 0
0 1 0 1 1
1 1 0 0 0
1 0 0 0 0
1 0 1 0 1
0 0 1 1 1
1 1 0 1 0
0 1 1 0 1
0 0 1 1 0
0 1 0 0 0
0 1 0 1 1
1 1 0 0 0
1 1 0 1 0
0 0 1 1 0
0 1 0 0 0
1 0 1 0 0
1 0 0 0 0
1 1 0 0 1
0 0 1 1 1
1 1 1 1 1
1 0 1 0 0
0 1 0 1 0
1 1 1 0 0
0 1 0 1 0
0 0 1 0 1
0 1 1 1 0
1 1 1 1 1
1 1 1 1 1
1 1 1 1 1
0 1 1 0 1
1 1 1 0 0
0 1 0 0 0
0 1 1 0 1
0 1 0 0 1
0 0 1 0 0
1 0 1 1 1

25474450652696183879403551010646733
22398800566512311122351599924835084
33 32
0 0 0 0 0
1 1 0 1 1
0 0 0 1 0
0 1 0 0 0
1 0 1 0 1
1 0 1 1 0
0 0 1 1 0
1 0 0 1 1
0 1 1 0 1
1 0 1 1 1
1 0 0 0 0
1 1 1 0 0
0 1 1 0 0
1 0 0 0 0
1 1 0 0 0
0 1 1 0 0
0 1 0 1 1
0 0 0 1 1
0 0 0 0 1
0 0 1 0 1
1 1 1 1 1
1 0 0 1 0
1 0 1 0 0
1 0 1 1 0
1 0 1 1 1
1 0 1 1 1
1 1 0 0 0
1 1 0 1 1
0 0 1 0 1
1 1 0 1 0
0 1 1 1 0
0 0 0 0 0
1 0 0 0 0
0 0 0 0 0
0 1 1 0 1
0 0 1 0 1
0 1 0 0 1
1 1 1 0 1
1 1 0 1 1
1 1 0 1 0
0 1 1 1 1
0 1 1 1 0
1 0 1 0 0
0 0 0 0 0
1 0 0 0 0
0 1 0 1 0
0 0 0 0 1
0 0 0 1 1
1 0 1 1 0
0 0 1 0 0
1 1 1 0 1
0 0 1 1 1
0 0 1 0 1
1 1 0 1 0
0 1 0 0 1
1 0 0 1 1
1 0 0 0 0
1 1 1 0 0
0 1 1 0 0
0 1 0 1 0
1 1 0 0 1
1 0 0 0 0
1 0 0 0 1
1 1 0 0 0
1 0 1 0 1

22297499468133218730821413097423886
6439353085621722201775328918365842
33 32
0 0 0 1 1
1 0 1 0 0
1 1 0 0 1
0 0 1 1 1
0 1 1 0 1
0 1 1 0 1
1 1 0 0 1
1 0 1 1 1
1 0 1 1 0
1 0 0 0 1
0 0 0 1 0
0 0 1 1 1
1 0 1 1 1
1 0 0 0 1
0 0 0 0 1
0 0 1 1 1
0 1 1 0 0
1 1 1 1 1
0 1 0 1 0
1 1 0 1 0
0 1 1 1 0
1 0 0 1 0
1 1 0 1 0
1 0 1 0 0
0 0 0 1 0
0 1 0 0 1
1 1 0 1 0
0 1 1 0 1
1 1 0 1 1
1 0 0 1 1
1 0 1 1 0
0 1 1 1 1
1 0 0 0 0
1 0 1 0 1
1 1 1 0 0
0 0 1 0 1
0 1 0 0 0
0 1 1 0 1
1 0 1 0 0
0 1 0 1 0
1 0 1 0 1
0 0 1 1 0
1 0 1 1 1
1 1 0 1 0
0 1 1 1 1
0 1 1 0 0
1 1 1 0 1
0 0 1 1 0
0 0 1 1 0
1 0 0 1 0
1 1 1 0 1
1 1 0 1 0
1 0 0 1 1
0 1 1 1 0
1 1 0 0 0
0 1 1 1 1
1 1 1 0 1
0 1 0 0 1
0 1 0 1 1
1 1 0 1 0
1 0 0 1 1
1 1 0 0 0
0 1 0 1 1
1 0 0 1 1
0 0 0 1 1

16282492266549663243916709949000461
14313424599688085496608869977955737
33 32
0 0 1 0 0
0 0 1 1 0
0 1 1 0 1
1 0 0 1 1
1 0 0 1 0
1 1 0 0 1
0 0 0 0 1
1 0 1 0 0
0 0 0 1 0
1 1 1 0 1
1 0 0 0 1
1 1 1 0 1
0 0 1 0 0
0 0 0 1 1
0 1 0 0 0
0 0 1 0 1
1 0 1 1 0
1 1 1 1 1
0 0 1 1 0
1 0 1 1 1
1 1 0 1 1
0 1 1 1 0
1 1 1 1 1
0 0 0 1 1
1 1 1 0 1
0 0 1 0 1
0 0 1 0 0
0 1 1 1 1
0 0 0 1 1
0 1 1 1 0
0 1 0 0 1
1 0 0 1 1
1 0 0 0 0
1 1 1 0 0
1 0 1 1 0
0 1 0 0 1
1 1 0 0 1
1 0 0 0 1
1 0 1 1 1
1 0 0 1 0
1 0 1 0 0
1 1 1 1 0
0 0 0 0 1
0 0 0 0 0
0 1 0 1 1
0 0 1 1 1
0 0 1 0 0
1 1 1 1 1
0 0 0 0 1
0 0 0 0 1
0 1 1 0 1
0 1 1 1 0
0 1 1 0 0
1 1 0 1 1
1 0 1 0 0
1 0 1 1 0
0 1 0 1 1
1 0 0 1 1
0 0 1 1 1
1 1 1 1 0
1 1 1 1 0
0 0 1 0 0
0 1 0 0 0
0 1 0 0 1
0 1 0 1 1

19595900160867302012107565840756892
21391647564160020579605663293237657
33 32
0 1 0 1 0
0 0 0 1 0
1 0 0 1 0
0 1 0 0 1
1 1 0 0 1
0 0 0 0 0
1 0 1 1 0
1 1 0 1 0
1 1 1 0 1
0 1 1 0 0
0 1 0 1 1
0 0 0 1 1
0 0 0 0 1
0 1 1 0 0
0 0 1 1 1
0 1 1 1 0
0 1 0 1 0
1 0 0 1 1
1 1 1 1 0
0 1 0 1 1
1 0 1 1 1
0 0 0 1 1
0 0 0 0 1
1 1 1 0 1
0 0 1 0 1
0 1 0 0 1
0 1 1 1 0
0 0 0 1 1
1 0 1 1 0
0 1 0 1 1
1 1 0 1 0
1 1 1 0 1
1 0 0 0 0
0 0 1 1 1
0 1 0 1 1
0 1 0 1 1
0 0 1 0 0
0 0 0 1 1
1 0 0 1 0
0 0 0 0 0
1 0 1 1 1
1 0 0 1 1
1 0 1 1 0
1 1 1 1 1
1 0 0 1 0
0 0 0 1 1
1 0 0 1 0
1 0 0 0 1
1 0 0 1 1
1 0 0 0 0
1 1 0 0 1
0 1 0 1 1
1 1 0 0 0
1 1 1 1 1
0 1 1 1 1
0 1 0 0 0
0 0 1 1 0
0 1 0 0 1
1 1 0 1 1
1 0 0 0 1
1 0 1 1 1
1 0 0 1 0
0 1 0 1 1
1 1 1 1 0
1 1 1 0 1

8182393264458982375056743508680995
9375769101067370631682211769235260
33 32
1 0 0 0 1
1 1 1 1 1
1 1 0 0 1
1 1 0 1 0
1 0 0 1 1
0 1 0 1 1
1 1 1 1 0
0 0 0 0 1
0 1 1 1 1
0 1 0 1 1
1 0 1 1 1
0 1 0 0 1
0 0 1 1 0
0 0 1 0 1
0 1 1 0 1
0 1 0 1 0
1 0 1 1 1
0 1 0 0 0
1 0 1 1 1
1 0 1 0 1
0 0 0 1 0
0 1 0 1 1
0 1 1 1 0
1 1 0 1 1
1 1 1 1 1
0 1 0 0 1
1 0 0 1 0
0 1 0 1 0
0 0 0 0 0
0 1 1 0 0
0 1 0 1 0
1 0 0 1 1
1 0 0 0 0
1 1 0 0 0
0 1 0 1 1
0 0 1 1 1
0 0 0 0 0
0 0 1 1 0
1 0 0 0 0
0 0 1 0 1
0 0 1 1 1
1 1 0 0 1
0 1 1 0 1
1 1 1 0 0
1 1 0 1 1
0 0 0 0 1
1 0 0 0 1
1 0 0 0 1
0 1 0 1 1
0 1 1 0 1
0 1 0 1 0
1 0 1 1 1
0 0 1 1 1
0 1 0 0 1
0 0 0 0 0
1 1 1 1 1
0 1 1 1 1
0 1 1 1 1
1 0 0 0 0
0 0 0 1 0
0 0 0 1 0
1 0 1 1 1
0 0 1 1 0
0 1 1 1 0
0 0 0 0 1

23654400906732671067271424968129615
30219673714272999505365353703678300
33 32
1 0 1 0 1
1 0 0 0 1
1 1 1 0 1
0 1 1 0 0
1 1 0 0 1
1 1 1 1 0
0 0 0 0 0
0 1 1 0 1
0 1 1 0 1
1 0 0 1 0
1 0 1 0 0
1 0 1 1 1
0 1 0 1 1
1 1 1 1 1
0 0 0 0 1
1 0 1 0 0
0 0 0 0 0
1 0 1 1 1
1 0 1 1 0
1 0 1 0 1
1 0 0 0 1
1 0 0 1 0
1 1 0 0 0
1 1 0 1 0
1 1 1 0 1
0 1 0 0 0
0 1 1 0 1
1 0 1 0 0
0 1 1 0 1
0 1 1 0 0
0 0 1 0 1
0 0 0 0 0
1 0 0 0 0
0 0 0 0 0
0 0 0 0 1
1 0 1 1 0
0 1 1 0 1
1 0 1 0 0
0 1 0 0 1
1 0 0 1 0
0 0 0 0 0
0 0 1 1 1
1 1 1 1 1
0 1 1 1 1
1 0 0 1 0
1 1 1 1 1
1 1 0 1 1
0 0 1 1 0
1 1 1 0 0
0 0 1 1 0
0 0 0 1 0
0 0 0 0 0
1 1 0 1 0
0 1 0 0 1
1 1 1 1 0
0 1 1 1 0
1 0 0 1 0
0 1 1 0 0
0 0 1 0 0
0 1 0 1 1
1 0 1 0 0
1 1 0 0 0
1 0 1 0 0
1 0 0 1 0
0 1 0 0 1

14786602986997351808950185552800543
20300696809091727699806062024387837
33 32
1 0 0 1 0
0 0 0 0 1
0 1 1 0 1
1 0 0 1 1
1 1 0 1 0
0 1 1 1 1
1 1 1 0 1
1 1 0 1 0
0 0 0 1 0
1 1 1 0 1
1 0 1 0 1
1 0 1 0 0
0 0 0 1 1
0 1 0 0 1
0 1 0 0 1
0 1 1 0 0
1 0 1 1 1
1 1 1 1 1
0 1 1 0 1
1 0 1 0 0
1 1 1 1 1
0 1 1 0 1
1 0 1 1 1
0 1 1 1 1
1 0 0 1 0
1 1 1 1 1
0 1 1 0 1
0 1 0 0 1
1 0 1 0 1
1 0 0 0 1
1 0 0 1 1
0 1 0 1 1
1 0 0 0 0
0 1 0 0 0
1 0 1 0 0
0 0 1 0 1
0 0 0 1 1
0 1 0 1 0
1 1 1 0 0
1 1 0 0 0
1 1 0 1 1
1 0 0 0 0
1 0 1 0 1
0 1 1 1 0
1 1 1 1 1
1 1 0 0 1
1 1 1 0 1
1 0 1 1 0
0 0 1 0 1
0 1 0 1 1
1 1 0 1 1
1 0 0 0 1
1 1 0 0 1
1 1 0 0 0
0 1 0 0 0
1 0 0 1 0
1 0 0 1 1
0 0 0 1 0
1 1 1 1 0
1 1 0 0 1
0 0 1 0 0
0 1 1 0 0
1 0 1 1 1
0 1 1 0 0
0 1 1 1 0

22045593658678116865536480834377392
19452449090869496537350078143008709
33 32
1 1 1 1 1
0 0 1 1 1
1 1 0 0 1
1 1 1 0 0
0 1 0 1 0
1 0 0 1 0
1 1 0 1 0
1 0 1 1 0
1 1 1 0 1
0 1 1 1 0
1 0 0 1 0
1 1 1 1 1
0 1 1 0 0
1 1 0 0 1
0 1 1 0 0
1 0 0 0 0
0 1 1 0 0
0 1 0 0 1
0 1 0 1 0
1 1 0 1 1
1 0 0 0 0
0 0 0 0 0
0 0 1 1 1
1 1 0 0 0
1 1 1 0 0
0 1 1 0 1
0 0 0 1 1
1 1 1 1 0
0 0 0 0 1
0 0 0 1 0
0 0 0 0 0
0 0 1 0 1
1 0 0 0 0
0 0 1 1 0
0 0 0 0 1
1 1 1 1 0
0 0 1 0 0
1 0 0 1 0
0 1 1 0 0
0 1 1 1 1
1 0 1 1 1
1 0 0 1 1
0 0 0 0 0
0 0 0 1 0
0 1 0 0 0
0 0 1 1 1
0 1 0 1 0
0 0 0 1 0
0 1 0 0 1
1 1 0 0 1
1 0 1 1 1
1 1 1 1 0
1 0 0 0 1
1 1 1 1 1
1 1 1 1 0
0 0 0 0 0
1 1 0 1 1
1 0 0 1 1
1 0 1 1 1
0 0 0 0 0
0 1 0 0 0
0 0 0 1 1
0 0 1 0 0
0 0 0 1 0
0 1 0 0 0

11300634540454372029940811738609486
30655607448136534670360265422943874
33 32
0 1 0 0 1
1 0 1 1 1
1 0 0 1 0
1 1 0 1 0
0 1 1 0 0
0 1 0 1 0
1 0 0 1 1
0 0 0 1 0
1 1 1 0 0
1 1 1 1 0
1 0 0 0 0
1 1 0 0 0
0 1 0 0 0
1 0 1 1 1
1 0 0 0 1
1 0 1 0 1
0 1 0 1 0
1 1 0 0 0
1 0 0 0 1
0 0 1 1 1
0 1 0 0 1
0 1 0 1 0
1 1 0 0 1
1 0 1 1 1
1 1 0 0 1
1 0 0 1 0
0 1 1 1 1
1 0 0 1 1
0 1 0 1 0
0 1 0 0 1
1 1 1 0 0
0 1 1 1 0
1 0 0 0 0
0 1 0 0 0
1 1 1 0 0
1 0 1 0 0
0 1 1 1 0
0 1 0 0 1
1 1 0 0 0
0 1 0 1 1
1 0 0 0 0
1 0 0 0 0
1 0 1 1 1
1 0 1 1 1
1 0 1 1 0
0 0 0 1 0
1 0 0 0 0
1 0 0 0 0
0 0 0 1 0
1 1 0 1 0
0 0 1 1 1
1 1 0 0 0
0 0 1 1 0
0 1 1 1 1
1 0 1 0 0
0 1 1 1 1
0 1 0 1 0
1 1 1 0 1
0 1 1 0 0
0 0 0 0 0
1 0 0 1 1
1 1 1 1 0
0 1 0 1 0
1 0 0 1 0
1 1 1 1 1

29052075313869198947016260444554136
6260191449945977490779845388322450
33 32
0 1 0 0 1
1 0 1 1 1
1 1 0 0 0
1 1 1 1 1
1 0 1 1 0
0 0 1 1 0
0 0 1 0 0
0 0 0 1 0
1 1 1 1 1
0 1 1 0 0
1 1 0 1 1
1 0 1 1 0
1 1 0 0 0
1 0 1 0 1
0 1 0 1 1
1 0 1 1 0
0 1 1 1 0
0 0 0 1 0
1 0 1 1 0
1 0 0 0 1
0 1 0 1 0
0 0 0 0 0
1 1 0 0 1
1 0 1 0 1
0 0 1 1 0
1 0 1 0 1
1 0 0 1 1
0 1 0 0 1
1 0 1 1 1
0 1 0 1 0
0 1 1 0 1
1 0 0 1 0
1 0 0 0 0
1 0 0 1 0
1 1 1 0 1
0 1 1 0 0
0 0 1 1 0
0 1 1 1 1
0 1 1 1 1
0 0 0 1 1
0 0 1 0 1
1 0 0 1 1
1 1 0 0 0
0 0 1 1 1
1 1 0 1 0
0 0 0 0 1
0 0 0 0 1
0 0 1 0 1
0 1 1 1 0
1 0 1 0 0
1 0 1 0 1
0 1 0 0 0
1 1 1 0 0
0 1 0 0 0
1 0 0 0 1
0 1 1 1 1
1 1 0 1 0
0 1 0 1 0
1 0 0 1 1
0 1 0 0 0
0 0 0 1 1
0 1 1 1 0
1 0 1 1 0
0 1 1 1 0
1 0 0 1 1

32099190829535516515028734545204086
23915646720116835374205785976299830
33 32
1 1 1 0 0
0 0 1 1 0
0 1 0 1 0
0 1 0 0 1
1 1 1 1 0
0 0 1 1 0
0 1 1 0 0
1 0 1 1 0
0 1 1 0 0
1 0 1 1 0
0 1 0 0 0
0 1 0 0 1
1 1 1 0 0
1 1 1 0 0
1 1 1 1 1
0 1 1 0 1
0 0 0 0 1
0 0 1 0 1
0 1 1 1 1
1 1 0 0 0
1 1 0 1 0
1 0 1 0 0
0 1 0 0 0
1 1 0 1 0
0 1 1 1 0
1 0 0 0 1
0 0 0 0 1
1 0 0 1 1
0 1 0 0 0
1 1 0 0 0
0 1 0 0 1
0 1 1 1 0
1 0 0 0 0
1 1 1 0 1
0 0 0 1 0
0 0 1 1 1
1 0 0 0 0
1 1 0 0 0
1 1 1 0 0
0 1 0 0 0
0 1 0 1 1
0 0 1 1 0
1 1 1 1 1
0 0 0 1 1
1 0 1 0 1
1 1 1 1 0
0 0 0 0 1
1 1 1 0 1
1 0 1 1 1
0 1 1 0 0
1 1 1 0 1
1 0 1 0 0
1 1 1 0 1
0 1 1 0 1
1 0 1 1 0
0 1 0 1 0
1 1 1 1 0
0 0 1 0 1
0 0 0 0 1
0 1 1 1 0
0 0 0 1 1
1 0 0 1 1
1 0 1 1 1
0 1 1 0 0
0 0 0 1 0

34805131881508098486156438795643100
11582395750151055328441873221078622
33 32
1 1 0 0 0
1 1 0 1 0
0 1 0 1 0
1 1 0 1 1
0 0 0 0 0
0 0 0 0 1
0 0 0 1 1
1 0 1 0 1
0 1 1 1 1
0 1 0 1 1
0 1 0 1 1
1 0 0 0 1
0 1 0 0 1
1 0 1 0 1
1 0 1 0 1
0 0 1 1 0
1 1 1 0 1
0 0 1 1 1
0 0 1 0 0
0 1 1 1 0
1 0 1 1 1
0 0 0 1 0
1 0 0 1 0
1 0 1 0 1
0 1 1 0 0
1 0 1 0 1
0 1 0 1 1
1 0 1 0 1
0 0 1 1 1
0 0 1 1 1
1 0 0 0 1
1 0 0 1 1
1 0 0 0 0
1 1 1 1 0
1 0 1 0 1
1 1 0 0 1
0 1 0 1 1
0 0 1 1 1
0 0 0 1 1
1 1 1 1 1
1 1 1 1 1
1 1 0 0 1
1 0 1 1 1
0 1 1 0 1
1 1 0 1 0
0 0 1 0 1
1 1 1 0 1
0 1 1 0 0
0 1 1 1 0
1 1 0 0 1
1 1 0 0 0
1 1 1 1 0
0 1 0 1 0
1 1 1 1 0
0 0 0 1 1
0 0 0 0 0
0 0 1 0 1
0 1 0 1 0
0 1 1 1 0
1 1 0 1 1
1 0 0 1 1
1 0 1 0 1
1 0 1 1 1
0 1 0 0 0
0 1 1 1 1

1828801343036793027826402323142418
12109189892127222180796569096889790
32 31
1 1 0 0 0
1 1 1 1 1
0 1 0 0 1
0 0 0 1 0
1 0 0 1 0
1 0 1 1 0
0 1 0 1 0
0 0 0 1 1
0 0 1 1 1
0 0 0 1 0
1 1 1 1 0
0 0 1 1 1
0 1 0 1 1
1 0 1 1 1
0 1 0 0 1
0 0 0 1 0
0 0 0 0 0
1 0 0 0 0
1 1 1 1 1
1 1 0 0 1
1 1 0 1 0
0 0 0 1 0
1 1 0 1 0
0 0 1 0 0
1 0 1 0 1
0 0 1 1 0
0 0 0 0 1
0 0 1 1 0
1 1 0 1 0
0 0 1 1 0
0 1 1 0 1
1 0 0 0 0
1 0 0 1 0
0 1 0 1 1
1 1 1 0 0
1 1 0 0 1
1 1 1 1 0
1 0 0 1 1
1 0 1 0 0
0 0 1 1 0
1 1 0 1 0
1 1 0 1 1
0 1 0 0 0
1 1 0 0 0
1 0 1 1 1
0 0 1 1 0
0 0 0 1 0
0 0 1 0 0
0 1 0 0 0
0 1 1 0 1
0 0 0 1 0
1 0 0 1 0
0 1 1 0 0
1 1 0 0 0
1 1 1 1 1
1 0 0 0 1
0 1 0 1 0
0 0 1 1 1
0 1 0 0 1
0 1 1 1 1
1 0 1 0 0
1 0 0 0 1
1 0 1 1 0

18487851044325197488126698289433642
17368919268056880945417818999641121
32 31
0 0 1 0 1
0 0 1 1 0
0 0 1 1 1
1 1 1 1 1
0 0 1 1 0
0 0 0 1 0
1 0 1 1 1
0 0 0 0 0
0 0 1 1 0
1 0 1 0 1
0 0 1 0 0
0 1 1 1 1
1 0 1 1 0
1 1 1 1 1
1 1 0 0 1
0 0 0 0 0
1 0 1 1 1
1 0 1 0 0
0 0 1 0 1
0 1 1 1 0
1 1 1 0 1
1 1 1 0 0
1 1 1 1 1
1 0 1 1 0
1 0 1 1 0
1 1 1 1 0
0 1 1 1 1
1 0 1 0 1
1 1 1 0 0
1 1 1 0 1
1 1 1 1 1
1 0 0 0 0
0 0 1 1 1
1 1 1 0 1
0 0 1 0 1
0 1 1 0 1
1 1 1 0 0
1 1 1 1 1
1 0 1 0 0
1 1 1 1 0
0 1 0 1 1
1 1 1 1 1
0 0 0 1 1
0 0 0 0 0
0 1 1 0 1
0 1 0 1 1
0 1 0 1 1
1 1 1 0 0
0 1 1 1 1
1 1 1 0 0
0 1 0 0 1
1 0 1 1 1
0 1 0 1 0
0 1 1 1 0
0 0 0 0 1
0 1 1 1 0
1 0 1 0 0
1 0 0 0 0
1 1 1 0 1
1 0 0 0 1
0 1 1 1 1
0 1 0 1 0
0 0 0 1 1

16996989467077413217102536866326240
22717541218842634192989382229130680
33 32
0 0 1 0 1
1 1 1 0 0
1 1 1 1 0
1 0 0 1 1
0 0 0 1 0
0 0 0 1 1
0 1 0 0 0
0 0 0 1 1
1 0 0 1 0
0 0 0 0 1
0 0 1 1 1
0 0 1 1 1
1 0 0 1 1
0 1 0 0 0
0 1 0 0 1
1 1 0 1 1
1 0 1 0 1
0 1 0 1 0
0 1 0 1 0
1 1 0 0 1
1 0 1 0 1
1 0 0 0 0
0 1 0 0 0
0 0 0 0 0
1 1 0 1 1
0 0 1 1 1
1 0 1 0 0
0 1 0 1 1
0 1 0 0 1
0 0 0 1 0
0 1 1 1 0
0 0 1 0 1
1 0 0 0 0
1 1 1 1 1
0 0 0 1 0
1 1 1 0 0
0 0 1 1 1
0 0 1 0 1
1 1 0 0 1
0 1 0 0 0
0 0 0 1 1
1 1 1 0 1
0 1 0 0 1
0 0 0 1 1
0 0 0 0 0
1 0 1 0 0
1 1 0 0 0
0 0 0 0 1
0 1 0 1 1
1 1 0 0 0
1 0 1 0 1
0 1 0 1 0
0 0 1 1 0
0 0 1 1 1
1 1 1 0 0
0 0 1 0 0
1 1 1 1 1
1 0 1 0 0
0 1 1 0 1
0 1 0 1 0
0 0 1 0 0
0 0 1 1 1
1 1 0 0 0
0 1 0 0 0
1 0 0 0 1

35121133072671475210545789215813958
7194747343144609018225981539423859
33 32
1 0 0 1 0
0 0 1 0 0
0 1 1 0 1
0 0 0 0 0
0 1 0 1 0
0 1 0 0 0
1 1 1 0 1
1 0 1 1 0
0 0 1 1 1
1 0 1 0 0
0 0 0 1 1
1 0 0 0 1
0 0 1 0 0
1 0 1 1 1
0 1 0 1 1
0 0 1 1 1
0 0 1 0 1
1 1 1 0 1
1 0 1 0 1
0 1 0 0 1
0 0 1 0 1
1 0 0 0 1
0 0 0 1 0
0 1 0 1 1
0 0 1 0 1
0 1 0 1 0
1 1 1 0 0
0 0 1 0 0
0 0 0 1 1
0 0 1 0 0
1 1 1 1 1
1 0 1 1 0
1 0 0 0 0
0 0 0 0 0
0 0 1 1 0
1 0 1 0 1
0 0 0 1 1
0 1 0 1 0
0 0 0 0 0
0 1 0 1 0
0 1 1 0 0
1 1 0 1 0
0 1 0 1 0
0 0 0 1 0
0 0 1 1 1
1 1 1 1 0
0 0 0 1 1
1 1 1 1 0
1 1 1 0 0
0 1 1 1 1
0 1 0 0 0
0 0 1 1 1
1 1 0 1 0
1 0 0 0 0
0 0 1 1 0
0 0 1 0 1
1 1 0 1 0
1 0 1 1 1
0 0 1 0 0
0 0 0 1 0
0 1 0 1 1
0 0 0 0 1
1 0 1 0 0
1 0 0 0 1
1 0 0 0 0

35050202028441278548189549037978752
31369812084210706231870229070322672
33 32
0 1 0 1 0
0 0 0 1 0
1 1 1 0 1
0 1 1 0 1
0 0 1 0 1
1 0 1 1 1
1 1 1 1 0
1 0 0 0 0
0 0 0 1 1
0 0 1 1 1
1 1 1 1 0
1 0 1 1 0
0 1 1 1 0
1 1 0 0 1
0 1 0 1 1
0 0 0 0 1
1 1 0 1 1
1 0 0 0 1
1 0 1 1 0
1 1 0 1 0
1 0 1 1 1
1 0 0 1 0
0 1 0 1 0
1 1 0 1 0
0 1 0 0 1
1 0 1 0 1
0 1 1 0 0
0 1 1 0 0
1 1 0 0 0
1 0 1 0 0
1 1 0 1 1
0 1 0 1 0
1 0 0 0 0
1 1 1 1 0
1 0 0 1 0
0 1 0 0 0
1 1 0 0 1
0 1 0 0 1
0 1 1 1 1
1 1 0 0 1
0 0 1 1 1
0 1 1 0 0
1 0 0 0 1
1 0 1 0 0
0 0 1 0 0
1 0 1 1 0
1 1 1 1 0
0 0 1 1 0
0 1 1 1 1
0 1 1 1 0
0 1 1 1 1
1 1 1 1 0
0 0 1 0 0
1 0 0 1 0
0 1 1 0 1
0 0 1 1 1
0 0 1 1 0
1 1 0 0 1
0 1 1 1 1
1 0 0 0 1
1 1 0 1 1
0 0 0 0 0
1 0 0 1 1
0 0 1 0 1
0 0 1 0 0

7044448282945674958131717087098414
682064160784693834647685287843144
33 32
1 0 0 1 1
0 0 0 0 0
1 1 0 0 0
1 1 0 0 0
0 1 0 0 0
0 1 0 1 1
1 1 0 0 0
1 1 1 1 0
1 1 0 1 1
0 1 1 1 1
1 0 0 1 0
0 0 0 0 0
1 1 0 1 1
1 0 1 0 0
0 0 0 1 1
1 1 1 1 0
1 0 1 1 1
1 0 1 0 0
0 1 0 0 1
0 1 0 0 1
0 0 0 1 1
0 0 0 1 0
0 1 0 0 0
0 0 0 0 1
1 0 1 1 1
0 0 1 0 0
0 1 1 0 0
0 0 0 1 1
1 1 1 0 0
1 1 1 1 0
0 0 0 1 1
1 1 0 0 0
1 0 0 0 0
0 1 1 0 1
0 1 0 0 1
1 0 1 0 1
0 0 0 0 1
1 0 1 0 1
0 0 0 1 0
0 0 0 0 1
1 1 1 0 1
1 1 0 1 1
1 1 0 1 1
1 1 1 0 1
1 1 1 0 1
0 0 1 0 1
0 1 0 0 0
1 1 1 0 0
1 0 1 0 1
0 1 0 0 0
1 1 0 1 0
1 0 0 0 0
1 0 0 0 1
1 0 0 0 1
0 1 1 0 1
1 0 1 0 0
1 1 0 0 1
1 1 1 0 0
0 0 1 1 0
0 1 1 0 1
1 0 0 1 0
1 0 1 1 1
1 1 0 0 1
1 0 1 1 1
1 1 0 0 0

15823026651221924706624834464887490
23482030398362303677945177099605371
33 32
0 1 0 0 1
0 0 0 0 1
0 0 0 0 0
1 0 1 1 0
0 0 0 0 1
0 1 1 1 0
1 0 1 0 0
1 0 0 0 0
0 1 0 0 0
1 0 0 1 0
1 1 1 1 0
0 0 0 0 0
0 1 1 0 0
0 0 0 0 1
0 1 1 1 1
1 0 0 1 1
0 0 1 1 1
0 0 1 1 1
0 0 1 1 1
0 0 0 1 1
1 0 1 0 0
1 0 1 1 1
1 0 0 1 1
1 1 1 1 1
0 1 0 0 0
1 1 0 1 1
1 0 0 0 1
0 0 0 1 1
0 0 0 0 1
1 0 1 1 0
1 1 0 1 1
0 0 0 0 0
1 0 0 0 0
0 0 0 0 0
0 0 1 1 1
0 0 0 1 0
1 0 0 0 1
0 1 1 1 1
1 0 1 0 0
0 1 0 1 1
0 1 1 1 0
0 1 1 1 1
0 1 0 1 0
1 1 0 0 0
1 1 1 1 0
0 0 0 1 0
1 1 0 1 0
0 0 0 0 0
1 0 1 1 1
0 0 1 1 1
0 0 1 0 0
1 0 1 1 0
0 1 1 0 0
0 1 0 0 0
0 1 1 0 0
1 1 0 0 0
1 1 0 0 0
0 0 1 0 1
0 0 1 0 0
1 1 1 0 0
0 1 0 0 0
0 0 0 0 1
0 0 1 1 0
1 0 0 0 1
0 0 0 1 0

517072906856013654674290580199969
10471089040445189086776253681310444
33 32
0 0 1 1 1
1 0 0 0 0
1 1 0 1 1
0 1 0 0 0
0 1 0 1 0
0 0 1 1 0
0 0 1 1 1
1 1 1 1 0
0 1 1 0 0
0 0 1 0 1
0 0 0 1 0
0 1 1 1 1
0 0 1 0 0
0 0 0 1 0
1 0 1 0 1
0 1 1 1 0
0 0 1 1 1
1 0 1 1 1
1 0 0 0 1
1 0 1 0 0
0 0 0 0 0
1 0 0 0 1
1 0 1 0 0
1 1 1 1 1
0 0 0 0 0
1 0 1 1 0
1 1 1 0 0
0 1 1 1 1
0 1 1 1 1
1 0 1 0 0
0 0 0 1 1
1 0 0 1 0
1 0 0 0 0
0 0 1 1 0
1 0 0 0 0
0 1 1 0 1
1 0 0 1 0
1 0 1 0 0
1 0 0 1 0
0 0 0 0 0
0 0 1 1 0
1 1 0 0 0
1 1 1 1 0
1 0 0 1 0
1 0 0 0 1
1 1 0 1 1
1 0 1 0 0
1 1 1 1 1
0 0 0 0 0
0 0 0 0 0
1 1 0 0 1
0 1 0 0 1
1 1 1 0 1
0 1 0 0 1
0 0 0 1 1
0 0 0 0 1
0 1 0 0 1
0 1 0 1 0
1 0 0 1 0
1 1 1 1 1
1 0 0 0 1
0 1 1 0 0
1 0 1 0 1
0 0 1 1 1
1 1 1 1 1

26646376831449108398505109809858884
34005457388228278620149519007413722
33 32
0 0 1 0 0
1 1 1 1 1
1 1 0 0 1
0 0 1 0 1
1 1 0 0 0
0 0 0 0 1
0 0 1 0 0
1 0 0 1 0
0 0 0 1 0
1 0 1 0 1
0 0 0 1 0
1 0 0 1 0
1 1 1 0 1
0 1 1 0 1
0 1 1 0 0
1 1 0 0 1
0 0 0 1 1
0 0 0 1 0
1 0 0 0 0
1 1 0 0 0
0 0 1 0 1
1 0 0 0 0
1 1 0 0 0
1 0 0 1 0
1 1 0 0 0
1 0 1 1 1
1 0 0 1 0
1 1 0 1 1
1 0 1 0 1
0 1 0 1 0
1 0 0 1 1
1 0 0 1 1
1 0 0 0 0
1 1 1 0 0
0 0 1 1 1
1 0 1 0 1
1 1 1 0 0
0 0 1 1 1
0 1 0 0 0
1 1 0 0 0
0 1 1 0 1
1 0 1 1 0
1 0 1 1 0
1 0 0 1 1
1 0 1 0 1
0 0 0 0 0
0 0 1 1 1
1 1 1 0 1
1 1 0 0 1
1 0 0 0 1
1 1 1 0 0
1 0 1 0 0
0 0 1 0 0
0 1 1 1 1
0 0 1 0 0
0 0 0 0 0
0 1 0 1 0
0 0 0 1 1
1 1 1 1 1
0 0 0 0 1
0 1 1 0 0
0 0 0 1 0
0 1 0 1 1
1 1 1 1 1
1 0 0 0 1

21028569428856739818772372740589022
14157302341483344499778561689264354
33 32
0 1 0 0 1
0 1 1 0 1
0 1 1 1 0
0 0 1 1 1
0 1 1 0 0
0 1 1 0 0
1 0 1 0 1
0 1 1 1 0
0 0 1 1 0
1 0 1 1 0
0 1 0 0 1
0 0 1 0 0
0 1 0 0 0
1 0 0 1 0
0 1 0 0 0
1 1 0 0 1
1 0 1 0 1
1 0 0 0 1
0 0 0 1 0
0 0 1 0 1
1 1 1 1 1
0 1 1 0 1
1 1 0 0 0
0 0 1 1 1
0 0 0 0 0
1 0 1 0 0
0 1 1 0 0
0 0 1 1 1
0 1 0 1 0
1 1 0 0 1
1 1 0 1 0
1 0 0 1 1
1 0 0 0 0
1 0 1 0 1
1 0 1 0 1
1 0 1 0 1
0 0 0 1 1
1 0 0 0 0
0 0 0 0 1
1 0 0 1 1
1 0 1 1 0
1 0 1 1 0
0 0 0 0 0
0 0 0 0 0
1 0 0 0 0
1 0 0 1 1
1 1 0 1 1
0 1 0 1 1
1 1 1 0 0
1 0 1 0 1
0 1 1 1 0
1 1 0 0 1
1 1 0 0 1
1 0 0 0 1
0 0 1 1 0
1 1 0 1 0
1 1 1 1 1
1 1 0 1 0
1 0 0 1 1
1 1 1 0 0
1 1 0 1 1
0 0 0 0 0
0 0 0 0 0
0 1 1 0 1
1 0 0 0 1

23279590909200031128414764992950101
23740749887689778087712041110841943
33 32
1 0 0 0 1
0 0 0 0 0
0 1 1 1 1
1 1 1 0 0
1 1 1 1 0
0 0 0 1 1
0 1 0 0 0
1 0 1 0 0
1 1 0 1 1
1 1 1 0 1
0 0 1 0 0
1 1 1 0 1
0 0 1 0 0
1 1 0 0 1
0 0 0 0 0
0 1 1 0 1
1 0 1 0 1
1 1 1 0 0
0 1 1 1 0
1 0 0 0 0
0 0 1 1 1
1 0 1 1 1
0 0 0 0 1
0 0 0 1 0
0 1 1 0 1
1 1 1 1 1
0 0 0 0 0
0 1 1 1 0
0 1 0 1 1
1 0 0 0 1
1 0 0 1 1
1 0 0 1 1
1 0 0 0 0
0 0 1 0 1
1 1 1 1 0
1 1 1 0 1
1 1 1 1 0
1 1 0 0 0
1 1 1 0 1
1 1 0 0 1
0 0 0 1 1
1 1 1 1 0
1 1 1 0 0
0 0 1 0 1
0 1 1 1 0
0 0 0 0 1
0 1 1 0 1
1 0 1 1 1
1 0 0 1 1
1 1 1 1 0
0 0 0 1 0
1 1 0 0 0
0 1 1 0 0
1 1 1 0 0
1 1 0 0 0
1 1 0 0 0
1 0 1 0 0
1 0 0 0 1
0 1 0 0 0
1 0 0 0 1
0 1 0 1 1
1 1 1 0 1
0 1 0 0 0
0 1 0 1 1
0 1 0 1 0

32508551532179300284940338869625340
23718052097199886453297421131671657
33 32
0 0 0 1 0
1 0 1 0 1
1 1 1 1 1
0 0 1 1 0
0 1 1 0 1
0 1 1 0 0
0 0 1 0 1
0 0 0 0 1
0 0 1 0 0
0 0 1 0 0
0 0 1 1 1
1 0 0 1 1
1 0 0 1 1
1 0 1 1 0
1 0 1 0 1
1 0 1 0 1
1 0 0 1 1
0 1 1 0 0
0 0 1 1 0
1 1 1 1 1
1 1 1 1 1
1 1 0 1 0
1 1 1 1 0
1 1 0 0 1
1 1 1 0 0
0 1 1 0 0
1 1 0 1 0
1 0 1 1 0
1 1 1 0 1
1 1 1 0 1
1 1 0 1 0
0 0 1 0 0
1 0 0 0 0
1 0 1 1 1
1 0 0 0 0
0 1 1 1 1
1 0 1 0 0
0 1 1 0 1
1 0 1 1 0
1 0 0 0 1
1 1 0 1 1
1 0 0 0 1
1 1 1 0 1
0 0 0 1 1
0 1 1 1 1
0 1 1 0 1
1 0 0 1 1
1 0 0 0 1
0 0 0 0 1
1 1 1 0 1
0 0 0 1 0
0 0 0 0 0
0 0 0 1 1
1 0 0 0 1
0 0 0 1 1
1 1 0 0 1
1 0 0 1 1
1 0 1 0 0
1 1 0 1 0
1 1 1 0 1
1 0 0 1 0
0 0 1 1 0
1 0 0 1 1
0 0 1 1 1
1 0 0 1 0

3802858879661084990004111648269472
31058999945984914407525227832315059
33 32
1 0 1 1 0
0 1 0 1 0
0 0 0 0 0
0 0 0 1 0
1 0 1 1 1
0 1 1 0 0
1 0 1 1 1
1 0 0 0 1
0 1 1 0 1
0 1 0 0 1
1 0 0 0 1
0 1 1 1 0
0 0 1 1 1
1 1 1 0 0
0 1 1 1 1
0 1 1 1 1
1 1 0 1 1
1 1 0 1 0
0 0 0 1 1
0 0 1 0 1
1 0 0 1 0
0 1 1 0 1
0 0 0 0 1
0 1 1 1 0
1 1 0 1 0
0 1 0 1 0
1 1 0 1 1
1 1 0 0 0
0 0 0 1 1
0 0 0 0 1
0 1 1 0 1
0 1 0 1 0
1 0 0 0 0
1 0 1 0 1
1 1 0 0 0
1 1 1 0 1
1 0 1 1 0
1 0 0 0 1
1 1 1 1 1
0 0 1 0 0
0 0 1 1 1
0 1 0 1 1
0 1 0 0 1
0 0 1 1 0
1 1 1 1 0
0 1 1 0 1
1 0 0 1 1
0 0 0 0 1
0 1 0 0 1
1 0 1 1 0
0 1 1 0 1
0 0 0 0 1
1 0 0 1 1
0 0 1 0 0
0 0 0 0 0
0 1 1 0 1
1 0 0 0 1
1 1 1 1 0
0 0 0 1 1
0 1 0 1 0
0 1 1 0 1
1 0 0 0 1
1 0 0 1 0
0 1 0 1 0
0 1 0 0 1

15230432803929622417787420298418986
16639750677300236321752938565555647
33 32
0 1 1 1 0
0 0 0 1 0
0 0 0 0 1
1 1 0 0 1
1 0 1 0 1
0 0 1 1 1
1 0 0 0 0
1 1 0 0 0
0 0 0 0 0
1 1 0 0 0
0 1 0 0 1
0 1 0 1 0
0 1 0 0 1
0 1 0 0 1
1 0 1 0 1
1 1 0 0 0
1 1 1 0 1
1 0 0 0 0
0 1 1 0 0
0 0 0 1 1
1 1 0 0 0
0 0 0 1 0
0 0 0 1 0
1 0 0 1 0
0 1 1 0 1
0 1 0 1 0
1 0 1 1 0
1 1 0 0 1
1 1 0 0 0
0 0 1 0 1
1 0 0 1 0
0 1 0 1 0
1 0 0 0 0
0 0 0 1 0
1 0 0 1 0
0 1 1 0 0
1 1 0 0 0
1 1 0 1 1
1 0 1 0 0
0 0 0 1 0
0 1 0 0 1
1 1 0 1 1
1 0 0 1 1
0 0 1 0 0
0 1 1 0 1
1 1 0 1 1
0 1 1 1 0
1 0 1 0 0
1 0 0 0 1
0 1 1 1 0
0 0 0 1 1
0 0 1 1 1
1 1 1 1 1
0 0 0 1 0
1 1 1 0 1
1 0 1 0 0
0 0 0 1 1
1 0 1 1 0
1 1 1 0 1
1 1 1 1 0
1 0 1 1 0
1 0 0 0 1
1 0 0 1 0
1 1 1 1 1
1 1 1 1 1

11228580650449593627012507046401552
4373758293599111683202557573463556
33 32
1 0 1 0 0
1 0 0 1 1
0 0 1 1 1
1 0 0 1 1
0 0 0 0 1
1 0 0 1 0
1 1 1 0 0
1 1 0 0 0
1 1 0 0 0
0 1 0 1 1
1 1 0 1 0
1 0 0 1 0
0 0 0 1 0
1 1 1 1 1
0 0 0 0 1
0 1 0 1 1
1 0 0 1 1
0 1 0 1 1
1 0 0 0 0
1 1 0 1 1
1 1 0 0 0
1 1 0 1 1
1 0 1 1 0
1 1 0 1 1
0 0 0 0 0
1 0 1 1 1
1 0 1 0 0
1 1 1 0 1
0 0 0 0 0
0 0 0 1 1
0 1 1 0 1
1 0 1 1 0
1 0 0 0 0
1 1 0 1 0
0 0 0 0 1
0 1 1 1 0
0 0 0 1 1
1 1 1 1 0
0 0 0 1 0
1 1 1 0 0
0 0 1 1 1
0 1 0 0 1
1 0 0 0 1
1 0 1 0 0
0 0 1 1 0
1 1 0 1 0
1 0 0 1 0
1 0 1 1 0
0 0 0 1 1
1 0 1 1 1
0 0 1 1 0
1 1 1 1 1
1 1 1 0 0
0 0 1 1 1
1 1 0 0 1
1 0 1 0 0
1 0 1 0 1
1 0 1 1 1
1 0 1 1 1
0 0 1 1 0
0 1 0 0 0
0 1 1 0 0
1 1 1 0 1
0 0 0 0 1
1 0 0 1 1

3657145534497292344324341681124724
30285416903838089014565446486247095
33 32
0 1 1 0 0
0 0 0 1 0
1 0 1 0 0
1 1 0 0 1
0 0 0 1 0
0 1 1 0 0
1 1 0 0 1
0 0 0 1 1
1 1 0 1 0
0 1 1 1 0
0 1 0 0 0
1 1 0 1 0
1 0 1 1 0
1 1 0 0 1
1 1 0 0 0
0 0 0 0 0
0 0 0 0 0
0 1 0 1 0
0 0 1 0 0
1 0 1 0 0
1 0 1 1 0
1 0 0 0 0
1 1 1 1 0
1 0 0 0 0
1 0 0 0 0
1 0 0 0 0
1 1 0 1 1
0 1 1 1 0
1 0 1 1 0
0 1 0 1 0
0 0 1 0 0
1 0 0 1 1
1 0 0 0 0
1 1 0 0 0
1 0 0 1 0
0 0 1 1 1
1 0 1 0 0
0 0 0 0 1
1 1 0 0 1
1 0 1 1 1
0 0 1 0 1
1 0 0 1 1
1 0 1 1 1
0 0 1 0 0
0 0 0 0 0
1 1 0 0 0
0 1 1 1 1
0 0 1 1 0
1 0 0 0 1
0 1 0 0 1
1 0 1 1 0
1 0 0 0 0
0 1 0 0 0
1 0 1 0 1
1 1 1 0 1
0 1 1 0 1
1 1 1 1 0
1 0 1 1 1
1 1 1 1 1
0 1 1 0 0
0 0 1 1 1
1 1 1 1 0
0 1 0 1 1
1 0 0 1 1
1 1 1 1 1

11483008011358882212147172697571387
33975306160232465299632780064764266
33 32
1 0 0 0 1
0 0 1 0 0
1 1 1 0 1
1 0 1 0 1
0 1 1 1 0
0 0 1 0 1
1 0 1 0 0
0 1 0 1 0
1 1 0 1 1
0 0 1 1 0
1 1 0 1 0
1 0 0 1 1
0 1 1 0 0
1 0 1 1 1
0 0 0 0 0
1 0 1 0 0
1 1 1 0 1
1 1 0 1 1
0 1 1 0 1
0 1 0 1 0
1 0 0 0 0
1 0 0 1 0
1 1 0 1 1
1 0 1 0 1
1 1 1 0 0
1 1 1 0 1
1 0 1 1 1
0 1 0 0 1
1 1 0 0 0
0 0 0 0 0
0 0 0 0 1
0 0 1 0 1
1 0 0 0 0
1 0 1 0 1
1 1 0 1 1
1 0 0 0 0
1 1 1 1 0
1 1 0 0 0
1 0 0 1 1
1 0 0 0 0
0 1 1 1 1
0 1 1 1 0
1 1 0 1 1
0 1 0 0 0
1 0 1 0 1
0 0 1 1 0
1 1 1 0 0
0 0 0 0 0
1 1 0 1 0
0 0 1 1 0
1 0 1 1 1
0 1 0 0 1
1 0 1 0 0
0 1 1 1 0
1 0 1 0 1
0 0 0 0 1
0 0 0 1 1
1 1 1 0 0
1 1 1 1 0
0 1 0 0 1
0 0 0 1 1
1 0 0 0 1
0 1 0 1 1
1 0 1 1 1
1 0 1 1 0

2067769119642129530192583490562260
12942500451292311408904102403011707
32 31
0 0 0 1 1
0 1 1 1 0
1 1 0 0 1
1 0 1 0 0
0 1 1 1 0
1 1 0 0 0
1 1 0 1 0
1 0 0 0 0
1 0 0 1 0
0 0 1 0 0
1 1 1 0 1
0 0 0 1 1
1 1 1 1 1
1 0 0 0 0
1 0 1 0 0
1 1 1 0 0
1 0 1 0 1
1 1 1 1 0
0 1 0 1 1
0 1 0 0 0
0 0 1 1 1
1 0 0 1 0
0 0 1 0 0
0 0 1 1 1
0 0 1 0 1
0 0 0 1 1
1 1 0 0 0
1 0 1 0 1
1 1 1 1 1
0 1 1 1 1
0 1 0 0 0
1 0 0 0 0
0 1 1 0 0
1 1 0 1 1
1 0 1 1 1
0 1 1 1 0
0 1 1 0 1
1 0 0 1 0
1 0 1 0 0
1 1 1 1 0
0 0 1 0 0
0 0 1 1 0
0 0 1 1 0
0 1 1 0 1
1 1 0 0 0
1 0 0 0 1
0 0 1 1 0
1 1 1 1 0
0 1 0 1 0
0 1 1 1 0
1 0 0 0 1
0 1 0 0 1
1 0 0 1 0
0 0 0 0 0
1 1 1 0 0
0 1 1 0 0
1 1 0 0 1
0 1 1 1 1
1 1 0 1 0
0 1 0 1 0
1 1 0 0 1
1 1 1 1 0
1 0 0 1 0

31299388365941601244920160219790130
9570502445406912990347141466712001
33 32
1 1 1 1 1
0 0 1 1 1
1 0 0 1 1
1 1 1 0 1
0 1 0 0 0
1 1 1 0 0
1 0 1 0 1
1 0 1 1 1
1 1 1 0 1
1 0 1 0 0
0 1 1 0 1
0 0 0 1 1
0 0 1 1 1
1 0 0 1 1
0 1 1 0 1
0 1 1 1 1
1 0 1 0 0
0 0 0 0 0
1 0 0 1 1
1 1 1 0 1
1 1 1 0 1
0 1 1 0 1
0 0 1 1 1
0 0 1 1 0
1 0 0 0 0
0 0 1 0 0
1 1 0 0 0
0 0 0 0 0
0 0 0 0 1
1 1 0 0 0
0 1 0 0 1
0 0 1 0 1
1 0 0 0 0
1 0 1 1 0
0 0 1 1 0
1 0 1 0 0
1 0 1 0 0
1 1 1 1 1
0 1 0 1 1
0 1 0 0 1
1 1 1 1 1
1 1 1 1 1
0 0 0 0 0
1 1 0 1 0
0 0 1 0 1
1 1 1 1 0
1 1 0 0 1
1 1 1 0 0
1 1 0 1 1
0 0 0 1 0
0 0 1 1 0
0 1 1 1 0
1 0 0 1 0
0 1 1 1 0
0 1 0 1 1
0 0 0 0 0
1 1 0 0 1
0 0 0 0 1
0 1 1 0 1
1 0 0 0 1
0 0 1 0 0
1 0 0 1 0
0 0 0 1 1
0 1 0 0 0
1 0 1 1 0

25464284627535419667318211303254977
23003644605425645490649346798116610
33 32
0 1 0 0 1
0 0 0 0 1
0 0 0 1 0
0 1 1 1 1
0 0 0 0 0
1 0 1 1 0
0 0 1 1 0
1 0 0 1 1
0 1 0 0 0
1 1 1 1 1
1 0 1 0 1
1 0 0 1 1
0 0 0 0 0
0 0 1 0 1
1 1 0 0 0
1 1 1 1 0
0 1 0 1 1
0 0 0 0 1
0 0 1 0 0
1 0 0 0 1
1 0 0 1 0
1 1 1 1 0
1 0 1 0 0
1 1 1 0 1
1 0 1 0 1
1 1 1 1 0
0 0 1 1 1
1 0 1 1 1
0 0 0 1 1
0 1 0 1 0
0 1 0 1 0
0 0 1 0 0
1 0 0 0 0
1 0 0 1 1
1 0 1 0 1
0 1 1 1 1
0 1 1 0 1
1 0 1 0 0
0 0 0 1 0
0 0 0 1 0
0 1 1 0 1
1 1 1 1 0
1 0 0 0 1
0 1 1 1 1
1 0 1 1 0
1 0 0 0 1
0 1 1 0 0
0 0 0 0 1
0 1 1 0 0
0 1 1 1 1
1 0 0 1 0
1 0 1 0 1
1 0 1 1 0
0 1 1 0 1
0 1 1 1 1
1 1 1 1 1
1 0 0 1 1
0 1 0 1 0
0 0 0 1 1
1 0 0 1 0
1 1 1 1 1
0 1 1 0 0
0 1 1 1 0
0 0 0 1 0
1 0 0 1 0

22215232373006783061328503060803113
14574364072837930024591509242947125
33 32
0 1 1 0 0
1 1 1 1 0
0 1 1 0 0
1 0 1 0 0
1 1 1 0 0
1 1 1 1 1
1 0 0 0 1
1 1 1 0 0
0 0 0 0 1
0 1 0 1 0
0 1 1 1 1
0 1 0 0 1
1 0 1 1 1
0 0 1 0 1
0 0 1 0 1
0 0 1 0 1
0 1 1 0 1
0 0 0 1 1
1 0 1 0 0
1 0 1 1 0
1 0 1 0 1
1 1 0 0 1
0 1 0 0 1
1 0 0 1 1
0 0 1 0 0
0 0 1 1 0
1 1 0 0 1
1 0 1 0 0
1 0 1 0 1
1 1 0 0 1
0 1 0 0 0
1 0 1 1 0
1 0 0 0 0
1 1 1 0 1
1 0 1 1 0
1 1 0 0 0
0 0 1 0 1
0 0 0 0 0
1 0 1 1 1
0 1 1 0 1
0 0 0 0 1
1 0 0 0 0
1 0 0 1 0
0 0 0 0 0
0 1 1 1 0
0 0 0 1 0
0 1 1 1 0
0 0 1 0 0
0 0 1 0 1
0 0 0 0 0
1 1 0 1 0
0 1 1 0 1
1 0 1 1 1
1 0 1 0 0
1 1 0 0 1
0 0 1 1 0
1 1 1 1 0
1 1 0 0 1
1 0 0 1 1
1 0 1 1 0
1 1 1 1 1
1 0 1 0 1
0 1 0 1 0
0 1 1 0 0
1 1 1 0 0

27290803629973554939010513528787396
86452081409901523768206385461800
33 32
0 1 1 1 1
0 1 1 1 0
0 0 1 1 1
1 0 1 1 1
1 1 0 0 0
1 0 0 0 1
0 1 1 1 0
1 1 0 1 1
1 0 1 0 1
0 0 0 1 1
0 0 1 0 1
1 1 0 0 1
0 1 1 1 1
0 0 0 1 0
0 0 0 0 0
1 0 0 0 0
1 1 0 1 1
1 0 0 1 1
0 0 0 1 1
1 0 0 0 0
1 1 0 1 0
0 1 0 0 0
0 1 1 1 0
1 1 1 0 0
1 0 1 1 1
0 1 1 0 1
1 0 0 0 0
0 1 0 0 1
1 1 1 0 0
0 1 1 0 0
0 0 0 1 0
0 1 1 1 0
1 0 0 0 0
1 1 0 1 0
0 0 1 1 1
0 1 0 1 0
1 0 0 1 0
1 0 1 0 0
0 0 1 1 0
1 0 1 1 1
1 0 1 0 0
1 1 0 1 1
0 1 1 1 1
1 1 0 0 1
0 1 0 0 0
0 1 0 1 1
0 0 0 1 0
0 1 0 1 1
0 0 0 1 0
0 1 1 1 1
1 0 1 0 1
1 0 0 0 0
1 0 0 1 0
0 0 1 0 0
1 1 0 0 0
1 1 0 1 0
1 0 0 0 1
1 1 1 1 1
1 0 1 0 0
1 1 0 0 1
1 1 0 0 0
1 1 1 1 0
0 1 1 0 1
1 1 1 0 0
1 0 1 1 0

10489867066195110854486203120205506
8900871007218226242351888249678111
33 32
1 1 0 1 0
0 1 0 0 0
0 1 1 0 1
0 1 1 0 0
1 1 1 0 1
1 0 0 0 1
1 0 1 1 1
1 1 1 1 0
1 1 1 0 0
0 1 1 1 1
1 0 0 1 1
0 0 1 1 0
1 0 0 0 1
1 1 1 1 1
0 0 0 0 0
0 0 1 1 0
0 0 1 0 0
1 0 1 1 0
1 1 1 1 0
1 1 1 0 1
1 0 0 0 1
0 1 0 1 0
0 1 1 0 1
1 1 0 0 1
1 1 1 1 0
0 0 1 0 1
1 1 0 0 0
0 0 0 1 0
0 0 0 0 1
0 0 0 1 1
0 1 1 1 1
0 0 0 0 1
1 0 0 0 0
0 0 0 0 1
1 1 0 1 1
1 0 0 1 0
1 1 0 1 0
1 1 0 1 0
0 1 1 1 0
1 1 1 0 1
1 0 1 0 0
0 0 0 0 0
0 1 1 0 1
1 0 1 1 0
0 1 0 1 0
0 0 1 1 1
0 1 0 0 1
0 0 0 0 1
1 1 0 0 1
1 0 1 1 0
1 1 1 1 0
1 0 1 0 0
0 1 1 1 0
1 1 1 1 0
1 0 1 1 1
0 0 0 0 1
0 0 0 0 0
0 1 0 1 0
1 1 0 1 0
0 0 1 0 1
1 1 1 1 1
0 0 1 0 0
1 0 1 0 0
1 1 0 1 1
1 1 0 0 1

29240915550134922697698713531885999
24562987373327993016106992309860054
33 32
1 0 0 0 0
0 0 1 1 0
1 0 1 1 1
1 0 1 1 1
0 1 0 1 0
0 1 1 0 0
0 0 1 0 0
1 0 0 0 0
0 0 1 0 1
1 1 0 1 0
1 1 0 1 1
0 1 1 0 0
1 0 1 0 1
0 1 1 0 1
0 0 1 1 1
0 0 1 1 1
0 0 1 0 0
0 0 1 0 0
1 1 0 0 1
1 1 1 1 1
0 0 0 1 1
1 1 1 1 0
0 0 0 0 0
1 1 1 0 0
1 1 1 1 1
1 1 0 1 1
0 1 0 1 0
0 1 1 1 1
1 1 1 1 1
0 0 1 0 1
0 0 0 0 1
1 0 0 1 0
1 0 0 0 0
1 1 0 1 1
1 1 1 1 1
0 1 1 1 1
1 0 0 0 1
0 1 1 0 0
1 0 1 0 0
1 0 0 1 1
0 0 0 1 1
1 1 1 0 0
0 0 1 0 0
1 1 1 0 1
0 1 0 1 0
0 1 0 1 1
0 0 0 0 1
0 0 1 1 1
0 0 1 0 0
1 1 1 0 0
1 1 0 1 1
1 0 0 0 1
0 0 1 0 1
0 1 0 1 1
1 0 0 1 1
1 0 0 0 0
1 1 1 0 0
1 1 1 0 1
1 1 0 0 1
1 1 1 0 0
1 1 1 0 1
0 1 1 1 0
0 1 1 1 0
1 0 1 1 0
0 0 1 0 0

27387656362152423726164203564433706
34292920209392582295347114684727401
33 32
0 1 1 1 1
1 0 1 0 1
0 1 0 0 0
0 0 1 0 1
1 0 0 0 1
0 1 1 1 1
0 1 0 0 0
0 0 0 0 1
1 0 1 1 1
1 1 0 1 0
1 0 1 0 1
1 1 1 1 0
1 1 1 0 0
0 0 1 0 1
0 0 1 0 1
1 0 1 0 1
1 0 0 1 1
1 1 1 1 1
1 1 0 1 1
1 1 0 0 1
1 0 1 0 1
1 0 1 1 1
0 0 0 1 1
1 1 1 0 0
1 0 1 1 0
0 0 0 1 0
0 1 0 1 1
0 0 1 1 0
0 1 1 0 1
0 0 1 1 1
1 1 1 0 1
0 0 0 0 1
1 0 0 0 0
1 1 1 1 0
0 1 1 0 0
0 0 0 1 0
1 0 1 0 0
1 0 1 1 0
0 0 0 0 0
0 1 0 0 0
0 1 0 1 0
0 1 0 0 0
0 1 1 0 0
0 0 0 1 1
0 0 1 1 0
0 0 1 1 0
1 1 0 0 0
1 0 0 1 1
1 0 0 0 0
0 1 0 0 1
1 0 1 0 1
0 0 0 0 1
0 0 1 1 0
0 0 0 0 1
0 0 0 1 0
0 0 0 1 0
0 1 1 1 1
1 0 0 1 0
1 1 0 1 1
0 0 0 0 1
1 0 1 1 0
1 0 1 0 0
0 0 0 0 0
1 1 0 1 1
1 1 0 1 1

11552436167653490289269000845503236
28672326488268370601107216109226846
33 32
0 1 1 0 0
1 0 0 1 1
1 1 0 0 0
1 1 0 0 1
1 0 1 1 0
1 0 0 1 0
0 0 0 0 0
1 0 1 0 0
0 0 0 1 0
0 1 0 1 1
0 1 1 1 1
0 0 1 0 1
0 0 1 0 1
0 0 1 1 1
0 0 1 1 1
0 1 1 0 0
0 1 0 1 0
1 1 1 1 1
0 0 0 1 0
0 0 1 1 0
1 1 1 1 1
1 0 0 1 1
1 1 0 1 1
1 0 1 0 1
1 1 1 1 1
0 1 0 0 0
1 1 0 0 1
0 0 1 0 0
0 0 1 1 1
0 1 0 0 0
1 1 0 1 0
0 1 0 1 1
1 0 0 0 0
0 1 0 1 0
1 0 0 1 1
0 1 1 1 0
0 0 0 1 0
1 1 0 1 0
0 0 0 1 1
0 0 1 0 1
1 0 1 0 0
1 1 1 0 0
0 0 1 1 1
0 0 0 1 0
1 1 1 0 0
0 1 1 0 0
0 1 1 1 1
0 0 0 0 1
0 1 0 0 0
0 0 0 1 0
1 1 1 1 1
1 1 0 1 0
1 1 1 0 1
0 0 0 1 0
1 1 0 0 1
1 0 1 0 0
1 0 1 0 0
1 0 0 0 1
0 1 1 1 1
0 1 1 0 1
1 0 0 1 0
0 0 1 0 1
0 0 1 0 1
1 0 1 0 1
1 1 0 1 1

22748489833487241809621413846140305
26232716830324791079613047980995547
33 32
0 1 1 1 1
0 0 1 0 0
1 0 0 1 0
1 1 0 1 1
1 0 0 1 0
0 1 1 1 0
0 0 1 0 1
1 1 1 1 0
1 0 0 1 1
1 0 0 1 1
1 0 1 0 0
1 1 1 1 1
1 1 1 1 1
1 1 0 1 1
0 1 1 0 1
1 0 0 1 1
1 0 1 0 1
1 1 1 1 1
0 1 0 0 0
1 0 0 1 1
0 1 0 1 0
1 0 0 1 1
1 0 1 1 1
0 0 1 0 1
1 0 1 1 0
0 0 0 1 1
1 1 1 1 0
1 0 0 1 1
0 1 1 0 1
1 0 0 1 0
1 0 0 0 1
0 1 0 1 0
1 0 0 0 0
1 0 1 1 1
0 1 1 1 1
1 0 1 1 1
0 1 1 0 0
0 0 1 1 1
0 1 1 1 0
1 0 0 0 1
0 1 0 0 1
0 1 0 0 0
1 1 0 1 1
1 1 0 0 1
0 0 1 1 1
1 0 0 0 1
1 1 1 1 1
0 0 1 1 0
1 1 0 1 0
0 0 1 1 1
0 1 1 1 1
1 0 1 0 1
1 1 0 1 0
0 0 1 1 0
1 1 0 1 1
0 0 0 1 1
0 1 0 1 0
1 1 0 1 1
0 0 1 0 1
0 1 1 0 0
0 0 0 0 0
0 0 0 1 1
1 1 0 1 0
1 0 1 0 0
1 1 0 1 0

1823453018715839559236441815053105
24600984671295253184882379904845209
33 32
0 1 0 1 1
1 0 1 1 1
0 0 1 1 0
1 1 0 0 1
1 1 0 1 1
1 0 1 1 1
1 0 0 1 1
0 1 0 1 1
0 1 1 0 0
0 0 0 1 0
0 0 0 0 1
1 1 0 0 1
0 1 1 1 1
0 0 1 1 0
1 0 1 1 0
0 1 0 1 1
0 1 1 1 0
1 0 1 1 1
1 1 1 0 1
1 0 0 0 1
0 1 1 0 1
0 1 0 1 0
1 1 0 0 0
0 1 1 0 1
1 1 1 1 1
1 0 1 0 1
1 0 0 1 1
1 0 1 1 0
1 0 1 1 1
1 0 1 1 0
1 1 0 1 1
0 1 1 1 0
1 0 0 0 0
0 1 0 1 1
1 1 1 0 0
0 1 1 1 1
0 1 1 1 0
1 1 0 1 1
0 0 0 1 0
0 0 0 1 0
0 1 0 1 1
1 1 0 0 0
1 1 1 1 1
1 1 1 0 1
1 1 1 1 1
1 0 0 1 1
0 0 1 0 0
1 1 0 1 0
1 0 1 1 0
1 1 1 0 1
1 1 0 0 1
1 1 0 1 0
0 1 1 0 0
0 0 1 0 1
1 1 0 1 0
0 1 1 0 1
1 0 0 0 1
0 0 1 0 0
0 1 0 1 0
1 1 0 0 0
1 0 1 1 1
1 1 0 0 0
1 0 0 0 0
0 0 1 1 1
1 1 1 0 0

33034158057116743676181466722583708
16719396515765961408276364249041125
33 32
1 0 1 0 0
1 1 0 1 0
1 0 0 0 0
1 1 1 1 1
0 0 1 1 1
0 0 0 1 1
1 0 1 1 1
0 0 1 0 1
1 0 0 0 1
1 1 0 0 0
1 1 0 1 0
1 0 0 1 1
1 0 0 0 0
1 0 0 0 1
0 0 1 0 0
0 1 0 1 1
1 0 0 0 1
0 1 1 1 1
0 1 0 1 0
1 0 1 0 1
1 1 1 1 1
0 1 0 1 1
0 0 1 0 0
0 1 1 1 1
0 0 0 0 0
0 0 0 0 1
0 1 0 0 1
0 0 0 1 0
0 1 1 0 1
1 0 0 1 0
0 1 1 1 0
1 1 1 0 1
1 0 0 0 0
0 1 0 1 1
0 1 0 0 0
0 0 1 1 0
1 1 1 1 0
0 1 1 0 0
0 0 1 1 0
0 1 1 0 1
1 0 1 0 1
1 1 0 1 0
0 1 0 1 0
0 0 0 1 1
1 0 0 0 1
0 1 1 0 0
0 0 0 0 0
1 0 0 1 0
0 1 0 1 1
0 0 1 0 1
1 1 1 0 1
1 0 1 1 1
1 0 1 0 1
0 0 1 0 1
1 1 0 0 0
0 0 0 0 1
1 0 0 1 0
0 0 1 0 0
1 1 0 0 0
1 1 0 0 0
0 0 0 1 0
1 1 0 0 0
1 0 1 1 1
1 1 0 1 0
0 0 0 0 1

17414852555821700811902850062346606
11552635500569207068233125991738682
33 31
1 0 1 0 1
1 1 0 1 0
0 1 1 0 0
0 0 0 0 0
0 1 0 0 0
0 0 1 0 1
0 0 0 0 1
0 1 0 1 1
1 1 0 1 1
1 1 0 1 1
1 1 1 0 1
1 1 0 1 0
0 1 0 0 0
1 1 0 1 1
1 1 1 0 0
1 1 1 1 0
1 0 0 1 0
1 1 1 1 0
1 0 0 0 1
1 1 0 0 1
1 0 1 1 1
1 0 1 1 0
0 0 0 1 1
0 0 1 1 0
1 0 0 0 1
0 0 0 1 1
0 1 0 0 0
0 0 0 1 0
0 1 1 1 0
1 0 0 1 1
1 0 1 1 1
1 1 0 0 1
1 0 0 0 0
1 1 0 0 1
0 1 1 0 0
1 0 1 1 0
0 1 1 1 1
0 1 1 1 1
1 1 0 1 0
1 0 0 1 1
0 1 0 0 1
0 1 1 1 0
0 1 1 1 1
0 1 1 1 0
1 1 0 0 1
1 0 0 1 1
0 0 0 1 1
1 0 0 1 1
1 0 0 1 1
0 0 0 1 1
1 1 1 1 1
0 1 1 0 1
1 1 0 1 0
1 1 1 1 1
1 1 1 0 1
0 1 1 1 1
0 0 0 1 1
0 0 1 0 0
0 1 0 1 0
1 0 0 1 0
1 0 0 1 0
1 0 1 1 0
1 1 1 0 1
1 0 0 1 0

875475009829747898325833487320584
2600884942905669347594446310471417
33 32
0 0 1 1 1
0 1 0 0 1
1 0 0 1 1
1 1 1 0 0
0 1 1 1 1
1 0 0 0 1
1 0 1 0 1
0 1 1 0 1
0 1 0 0 0
0 1 1 0 0
1 1 0 0 1
1 0 1 0 0
0 1 0 0 0
1 1 0 0 0
0 0 1 0 0
0 0 1 1 0
0 1 0 0 0
1 1 0 0 1
0 0 1 1 0
0 1 0 1 0
1 0 0 0 1
0 0 0 0 0
0 0 0 0 0
1 0 0 0 0
1 1 0 0 1
0 0 0 0 0
0 1 1 0 1
0 0 1 1 1
1 1 0 1 1
1 1 1 0 1
1 0 0 0 1
0 1 1 1 1
1 0 0 0 0
1 0 1 1 1
0 1 1 0 0
0 0 0 1 0
1 1 0 0 1
1 0 0 1 0
1 0 0 1 1
0 1 1 0 1
1 1 1 0 1
1 1 0 0 1
1 0 0 1 1
1 0 1 1 1
0 0 0 0 0
1 0 0 0 0
0 0 1 0 0
1 0 1 1 1
0 1 1 0 0
1 1 1 1 0
1 0 1 1 0
0 0 1 1 0
1 0 0 1 1
0 0 0 0 0
0 1 1 1 0
0 0 0 1 0
0 1 0 1 1
0 0 0 0 1
0 1 0 1 1
1 1 0 1 1
1 1 0 0 0
0 0 0 1 0
1 1 1 1 1
1 0 0 0 1
0 0 1 0 0

29343923729230524196218764571503379
6611568047055801853520083013909591
33 32
0 1 0 0 1
0 0 0 1 0
0 0 0 0 0
0 1 0 0 1
1 0 0 0 0
0 0 0 1 1
1 1 0 0 0
0 1 0 1 1
1 0 1 1 1
1 1 1 0 1
0 1 1 1 0
1 1 0 0 0
1 0 0 1 1
0 1 1 0 1
1 1 0 1 0
1 1 1 1 1
0 1 0 1 0
0 1 0 0 1
1 1 0 1 1
0 1 0 1 1
1 1 0 0 1
0 1 1 0 0
1 1 0 1 0
1 1 0 1 0
1 0 1 1 0
0 1 0 0 0
1 0 1 0 1
1 0 1 1 1
1 1 1 0 0
0 1 0 1 1
0 1 0 1 1
0 0 1 0 0
1 0 0 0 0
1 0 0 1 0
1 1 0 0 0
0 1 1 0 1
0 1 1 0 0
1 0 1 0 1
1 1 1 0 1
1 0 0 1 0
1 1 1 1 1
1 0 1 1 0
0 1 1 1 0
0 0 0 1 0
1 1 0 0 0
1 0 1 1 1
1 1 1 1 1
0 0 0 0 0
1 0 0 1 0
1 1 0 0 0
1 1 0 0 0
0 0 0 0 1
0 1 0 1 0
0 0 0 0 0
0 0 1 1 0
0 1 1 1 0
0 0 0 1 0
0 1 0 0 0
1 1 0 1 1
1 1 1 0 0
0 0 1 1 0
1 0 1 1 1
0 1 0 1 1
0 0 1 1 1
1 1 0 1 0

18422305979294276428969731964388875
15685230700311903130929695108783773
33 32
1 0 1 1 0
0 1 1 1 0
1 0 0 0 0
0 0 1 1 1
1 0 0 0 1
0 0 0 1 1
0 1 0 0 0
0 0 0 1 0
0 1 0 0 0
1 1 0 0 1
1 0 0 1 0
0 1 0 1 1
1 1 0 0 1
1 0 1 0 0
0 1 1 0 1
1 0 0 0 1
1 0 0 0 0
1 0 1 1 0
0 0 0 1 1
1 1 1 0 1
0 1 1 1 1
0 0 0 0 1
0 0 1 0 0
0 0 0 1 0
0 1 0 1 0
1 0 1 0 1
0 1 0 1 1
1 0 0 1 0
0 0 0 1 1
0 0 1 1 0
1 1 0 0 0
1 1 0 0 1
1 0 0 0 0
0 0 0 0 0
1 1 1 1 0
0 0 1 1 0
1 1 0 0 1
0 0 1 1 1
0 0 1 1 0
1 0 1 1 1
0 0 0 1 0
0 0 1 0 0
1 0 1 1 0
1 1 1 1 1
1 0 0 0 0
0 0 0 1 1
0 0 1 0 1
0 1 0 0 1
0 1 0 0 1
1 0 0 0 1
1 1 1 1 1
1 0 1 1 0
0 0 1 1 0
0 1 0 0 1
1 0 0 0 0
1 1 1 1 1
0 1 1 1 0
0 1 0 0 0
0 1 1 1 1
0 0 0 1 1
0 1 0 1 0
1 0 0 0 0
0 0 0 1 1
0 1 1 1 1
0 1 0 0 0

15986366295267173504618695095155473
22161693298193434859489865208649207
33 32
1 0 1 0 0
1 1 0 0 0
1 0 0 1 0
1 0 1 1 1
0 0 1 0 0
0 0 0 0 1
1 1 1 0 1
1 1 1 0 0
0 1 1 1 0
1 0 0 0 1
0 1 1 1 0
1 1 0 1 0
0 0 0 0 0
1 0 0 0 1
1 1 0 0 1
0 0 1 0 0
1 1 0 1 1
0 0 0 0 0
0 0 0 0 0
0 0 1 0 0
1 0 0 0 1
0 0 1 0 1
0 0 0 0 0
0 1 0 1 1
0 1 1 0 1
0 0 0 1 0
1 1 1 0 0
1 0 0 1 1
1 0 0 0 1
0 1 1 1 1
1 1 1 0 1
0 0 0 0 0
1 0 0 0 0
0 0 1 0 0
1 1 1 0 0
1 1 1 0 1
1 0 1 1 0
0 1 0 0 1
1 1 0 0 0
1 1 1 0 1
1 1 1 0 1
0 0 1 0 0
1 1 1 0 1
0 1 0 1 1
0 0 1 1 0
0 0 0 1 1
1 0 0 1 1
0 0 0 1 1
1 1 0 1 1
1 1 1 0 0
0 0 1 0 1
0 0 1 0 1
0 0 1 1 0
0 1 1 0 0
0 1 0 0 0
0 0 1 1 0
0 1 1 0 1
0 0 0 0 0
0 1 1 1 0
1 1 1 0 0
0 1 0 0 0
1 0 0 0 1
1 1 0 0 1
0 0 0 1 0
0 0 1 1 1

8156408176253186786188154589719489
30683200364487594582452611769263544
33 32
0 0 1 1 0
1 1 0 0 0
1 0 1 0 0
1 0 1 0 1
0 0 0 1 0
1 0 0 1 1
0 0 1 0 1
0 0 0 1 0
0 0 0 1 1
0 1 0 1 1
0 1 1 0 1
1 0 1 0 0
0 1 0 0 1
1 1 1 1 0
1 0 1 1 1
0 0 0 0 1
0 1 0 1 1
0 0 1 0 1
0 0 1 0 1
1 0 1 0 0
1 1 0 1 1
1 1 1 1 0
1 1 0 0 1
1 0 1 1 0
1 0 0 0 0
0 0 1 0 0
0 1 0 1 1
0 0 0 0 0
0 1 1 1 1
1 0 1 0 1
1 0 0 1 0
0 1 1 1 0
1 0 0 0 0
1 0 0 1 0
1 0 1 1 1
0 0 0 0 1
0 0 1 0 0
0 1 0 1 0
0 0 0 0 0
1 0 1 1 0
0 0 0 1 0
0 1 1 1 0
1 0 0 0 1
1 1 0 1 1
0 1 1 1 1
0 0 1 1 0
1 1 0 1 1
1 1 0 1 0
0 1 1 1 0
1 1 1 1 0
1 1 1 0 0
1 0 0 0 0
1 1 1 0 0
0 1 1 1 0
1 1 1 1 0
1 0 1 0 1
0 1 1 1 1
0 0 0 0 0
1 1 1 0 1
0 1 1 0 1
1 1 1 0 0
0 0 0 1 0
1 1 1 0 0
0 1 1 0 1
0 1 0 0 1

2124127909510330715684115799469410
14904411810046527841171396193749701
33 32
0 0 1 0 0
1 0 0 0 0
1 1 1 1 1
0 1 0 0 1
0 0 1 0 1
0 1 0 1 1
0 0 0 1 0
0 0 0 0 0
0 1 0 0 0
1 0 0 0 0
1 1 0 0 1
0 0 0 0 1
0 1 0 0 1
1 0 0 1 1
0 1 0 0 1
1 0 1 0 0
0 0 1 0 1
0 0 1 0 1
1 0 1 1 0
1 1 1 0 1
0 0 1 0 0
0 1 1 1 0
0 1 0 0 0
1 0 1 0 0
0 1 1 0 1
1 0 0 1 1
0 1 1 0 1
1 1 1 0 1
0 0 1 1 0
1 0 1 0 0
1 0 0 1 1
0 0 0 0 0
1 0 0 0 0
0 0 0 0 1
0 0 1 1 0
1 1 1 1 0
0 1 0 1 0
0 1 1 0 1
0 0 0 1 1
1 1 1 1 0
0 1 0 1 1
0 1 0 1 1
0 1 0 0 1
0 0 1 1 1
1 0 0 1 1
1 1 0 1 0
1 0 1 0 0
1 1 0 0 1
1 0 0 0 0
0 1 1 1 1
0 0 0 1 0
0 1 0 0 0
1 0 0 1 0
0 0 0 1 1
0 1 0 0 1
1 1 0 0 0
0 0 1 1 0
0 1 1 0 0
1 1 1 0 1
0 1 0 0 1
1 1 1 0 0
0 1 1 1 0
0 0 0 0 0
0 0 0 1 0
0 1 0 0 0

25275201793295690665005356652401702
29570634207933157645348755275873097
33 32
0 1 1 1 1
0 0 1 1 1
0 0 1 1 0
1 1 1 1 1
0 0 0 0 1
0 1 0 0 1
1 1 1 1 1
1 1 1 0 0
0 1 1 0 1
0 0 0 1 1
0 1 1 0 1
1 1 0 0 1
0 1 1 1 0
0 1 0 1 1
1 1 0 0 1
0 0 1 1 1
0 1 0 1 0
1 1 1 0 1
1 1 1 1 1
1 0 1 0 0
0 0 0 1 1
0 1 0 0 0
1 0 1 1 1
0 1 1 1 1
1 0 0 1 0
0 1 1 0 0
0 0 1 1 1
1 1 0 1 1
0 0 0 1 1
0 1 0 0 1
0 1 1 1 0
0 0 1 0 0
1 0 0 0 0
1 1 1 0 0
0 1 1 0 0
1 1 1 1 0
1 0 1 1 1
1 1 0 0 0
1 0 0 0 0
0 0 0 0 0
1 1 1 0 1
0 0 0 0 1
1 0 0 1 1
1 0 0 0 1
0 0 0 1 1
0 0 1 0 1
0 0 1 0 0
1 0 0 0 0
0 0 1 1 0
1 1 0 0 1
0 0 1 1 1
1 1 1 0 0
1 1 0 1 0
0 0 1 1 0
1 0 1 1 0
0 1 1 0 0
0 1 1 0 1
0 1 1 0 1
1 0 0 1 0
1 1 1 1 1
1 1 0 0 0
1 0 1 0 0
0 1 0 0 1
0 1 1 0 0
1 0 1 1 1

15108943153155894137146462533678225
31968708565906203063177641842996654
33 31
0 0 1 1 1
1 1 0 0 1
1 0 1 1 0
0 1 1 1 0
0 1 1 1 1
1 0 0 1 0
0 1 1 1 0
0 0 1 0 1
1 0 1 0 0
0 1 0 1 0
1 1 1 1 0
1 1 1 0 0
1 0 0 0 0
1 1 1 0 0
1 0 1 0 1
1 1 0 1 0
0 1 0 0 1
1 1 0 0 0
1 1 1 0 0
0 1 0 0 0
1 1 1 0 1
1 1 1 1 0
1 0 1 1 0
1 1 1 1 0
1 0 0 0 0
1 1 0 0 1
1 0 1 1 1
1 0 0 1 0
0 0 0 1 1
1 1 1 0 1
1 1 1 0 1
0 1 0 1 0
1 0 0 0 0
0 1 0 1 1
0 0 0 0 0
1 1 0 1 0
1 0 0 1 1
1 1 0 0 1
0 1 1 1 1
0 0 0 1 1
1 1 1 0 0
1 1 0 0 0
1 1 0 1 1
0 1 1 1 1
0 0 0 1 0
0 1 0 0 1
1 1 1 1 1
1 1 0 0 1
0 1 1 1 1
1 0 0 0 1
0 1 0 0 1
0 0 1 0 0
1 1 1 0 1
0 0 0 0 0
0 1 1 0 1
0 1 1 0 0
1 1 0 1 0
1 0 1 1 0
0 0 0 0 1
0 0 1 1 0
0 0 1 0 1
1 0 0 1 0
1 0 0 1 1
1 1 0 0 0

24351938927988720154012944271634904
3295145761528439394917125637498297
33 32
0 1 1 0 0
0 0 1 1 1
1 1 0 0 0
0 0 0 0 1
0 1 1 0 0
0 1 1 1 1
1 1 0 0 1
1 0 0 0 0
1 0 0 1 0
1 1 0 0 0
1 0 0 0 1
0 0 0 1 0
1 0 0 1 1
1 1 0 1 1
0 0 1 1 0
1 1 0 1 0
1 0 1 1 1
0 0 1 0 1
1 0 0 0 0
1 1 1 1 1
0 0 1 1 1
0 0 1 0 0
1 1 0 0 0
1 0 1 0 1
1 0 1 1 1
1 0 0 1 1
1 0 0 0 0
0 1 0 1 1
1 1 1 0 0
0 0 1 0 1
0 1 1 1 1
1 0 1 1 1
1 0 0 0 0
0 1 0 0 0
1 0 0 0 0
1 1 1 0 0
0 0 0 1 0
1 0 0 1 0
0 1 0 0 0
1 0 1 0 0
0 1 1 0 1
1 1 0 1 0
0 0 1 0 0
1 1 0 1 1
0 1 0 1 1
1 1 1 1 0
1 0 0 0 0
1 1 0 1 0
1 0 1 0 0
1 1 0 1 1
1 0 1 1 1
1 0 0 1 1
0 0 1 1 1
0 0 0 0 1
1 0 0 1 1
1 0 1 0 1
1 0 1 0 0
1 0 0 0 0
1 1 0 0 1
1 0 0 0 1
0 0 0 0 1
0 1 0 0 0
1 1 1 1 0
1 0 0 0 1
1 1 1 1 1

35008175175598733444629003709132703
15509067538320431520977505421050542
33 32
1 0 0 1 0
0 0 0 0 0
0 0 1 1 0
1 0 0 1 1
0 0 1 0 1
0 0 1 0 0
0 0 0 1 1
1 1 0 1 1
1 1 0 1 0
0 0 0 1 0
1 0 0 0 0
0 1 1 0 1
0 1 0 0 1
1 0 0 0 0
1 1 1 0 1
1 1 1 0 1
1 0 1 1 0
0 1 0 1 0
1 1 1 0 0
1 0 0 0 0
1 0 0 0 1
0 1 0 1 0
0 1 1 1 1
0 0 1 1 1
1 0 1 0 1
0 0 1 1 0
1 0 1 1 0
0 0 1 1 1
0 1 1 0 0
0 0 0 1 1
1 0 0 0 0
0 1 1 1 0
1 0 0 0 0
0 1 1 1 0
1 1 1 1 1
0 0 1 1 1
0 1 1 0 0
1 1 1 1 0
0 1 0 1 0
0 1 1 1 0
1 1 1 1 0
1 1 0 0 0
1 1 0 1 1
1 1 1 0 0
0 1 0 0 0
1 0 1 1 1
0 1 1 1 1
1 0 1 0 0
0 0 1 0 1
0 0 1 0 0
1 1 0 1 1
1 1 1 0 1
0 0 1 1 1
1 0 0 1 1
0 1 0 0 0
0 1 1 0 1
1 1 0 1 0
1 1 0 0 1
1 0 1 1 1
1 1 0 1 1
1 0 1 1 0
1 1 1 1 0
1 1 1 1 0
1 1 0 1 0
0 1 0 1 0

16531086626837544396192842768423704
32895392318235861522654155208251977
33 32
1 1 1 1 0
1 1 0 1 0
1 0 0 0 1
0 1 0 0 1
1 0 1 0 1
1 0 1 1 1
1 1 0 0 1
0 0 0 0 1
1 1 0 1 1
1 0 1 0 1
0 0 1 1 0
1 1 1 1 0
1 1 0 1 1
1 1 0 0 1
1 0 0 0 1
0 0 0 1 0
0 0 0 1 1
0 1 0 1 1
1 0 1 0 0
0 0 1 1 1
0 0 0 0 1
1 1 0 0 0
1 0 0 1 1
1 1 0 1 1
1 0 1 1 0
0 1 1 0 0
1 1 0 0 0
1 0 1 1 1
1 0 0 1 0
1 1 0 0 1
1 1 1 1 0
1 0 1 1 0
1 0 0 0 0
1 0 1 0 0
1 0 0 1 0
0 0 1 0 0
0 0 0 1 1
1 1 0 1 1
0 1 1 0 0
0 0 1 0 0
1 0 1 0 1
1 1 0 1 1
0 1 0 0 1
1 0 1 1 1
0 0 1 0 1
1 1 0 1 0
1 1 1 1 0
1 1 0 1 1
1 0 1 1 0
0 0 0 1 0
0 1 1 0 0
0 0 0 1 0
0 1 1 0 1
1 1 1 1 0
0 1 0 1 0
0 0 1 0 0
0 1 1 0 1
1 1 1 0 1
1 1 0 0 0
0 0 1 1 0
1 1 1 0 0
0 1 0 1 0
1 1 1 1 0
0 1 0 1 1
1 0 0 0 0

11094803455271205309475641663731417
21805670997380150363052206265182061
33 31
1 1 0 1 1
0 0 1 1 0
1 1 0 0 0
1 0 1 0 1
0 0 0 1 1
0 0 1 1 1
1 0 0 1 0
0 0 1 0 0
0 0 1 1 0
1 0 0 1 0
0 1 1 0 1
1 0 0 1 1
0 0 1 0 1
1 1 1 1 0
1 1 1 0 0
0 0 0 1 1
0 0 0 1 1
0 1 1 0 0
1 1 1 1 1
1 0 0 1 0
0 1 1 0 0
1 0 1 0 0
0 1 1 1 1
0 0 1 0 1
0 1 0 1 0
1 0 0 1 0
0 0 0 1 0
0 0 0 0 0
0 1 0 1 0
1 1 0 1 1
1 0 0 1 1
1 1 1 0 1
1 0 0 0 0
0 0 1 1 1
0 1 0 1 1
1 1 0 1 0
0 1 0 1 1
1 0 0 1 1
0 1 0 1 0
1 1 0 0 1
1 0 0 0 0
0 0 0 0 0
0 0 1 0 1
1 0 0 0 1
1 0 1 1 0
0 1 0 1 1
1 0 1 0 1
0 1 1 0 1
0 1 1 1 0
0 0 1 0 0
0 0 0 1 0
0 0 1 1 0
0 0 1 0 1
1 1 0 0 0
0 0 1 1 1
0 1 0 0 0
0 1 1 0 0
1 1 1 1 1
1 1 0 1 1
1 0 1 1 1
1 0 1 0 0
0 0 0 1 0
0 0 0 1 1
1 0 0 1 1

27491769496398405761947803560609782
4084161406818232217298420128744776
33 32
0 0 0 0 0
1 0 1 0 1
0 0 1 1 1
1 1 0 0 0
1 0 1 0 1
1 0 0 0 0
1 1 1 0 0
1 1 1 1 1
0 0 0 0 0
1 0 0 0 1
0 0 0 1 0
0 0 1 1 1
1 1 0 1 0
0 1 1 0 1
1 1 1 0 1
1 0 1 1 0
0 1 1 1 1
1 0 0 1 1
0 1 1 0 1
0 1 0 1 0
1 1 0 1 0
1 1 0 1 0
1 0 0 1 0
1 1 1 1 1
1 1 0 1 0
1 1 0 0 1
0 1 1 1 0
1 1 0 0 0
1 0 0 0 1
1 1 0 1 1
0 0 0 1 0
1 0 1 1 1
1 0 0 0 0
0 0 0 0 0
1 0 0 0 0
1 0 1 0 0
1 1 1 1 0
1 1 0 1 1
0 0 1 0 0
1 0 1 1 1
1 0 0 0 1
1 0 1 0 0
0 1 0 0 1
0 0 0 0 1
1 0 0 0 0
0 0 1 1 0
0 0 1 1 0
1 1 1 0 0
0 0 1 1 0
1 1 1 1 1
1 1 1 1 0
1 0 0 1 0
1 0 0 0 0
0 1 1 0 1
0 1 0 1 1
0 0 1 1 0
1 1 0 1 1
0 1 0 1 1
1 1 0 1 0
0 0 1 1 1
0 0 1 1 0
0 0 1 1 1
0 0 1 1 0
1 0 0 0 1
0 0 1 0 1

4636348874521400857780893330067787
6678703716046603538922254997286381
33 32
0 1 0 0 1
1 0 1 1 0
0 1 1 1 1
0 1 0 0 1
0 1 1 1 0
1 0 0 0 0
1 1 1 1 1
0 1 0 0 1
1 1 0 0 1
0 0 0 1 0
0 1 1 0 1
0 1 0 1 1
0 1 0 0 0
1 1 1 0 1
0 0 0 1 1
0 1 0 0 0
0 0 0 0 0
1 0 1 0 1
0 0 1 0 1
0 1 1 0 0
1 0 0 1 0
0 1 1 1 0
0 1 0 1 0
0 0 0 1 0
1 1 0 0 1
0 1 1 0 0
0 1 0 1 0
0 1 0 0 1
1 0 0 0 0
1 1 0 1 1
1 1 1 1 0
0 0 1 0 1
1 0 0 0 0
1 1 0 1 0
1 1 0 0 1
0 1 0 1 1
0 0 0 1 1
1 0 1 0 0
0 1 1 0 1
0 0 0 0 1
1 1 1 0 1
1 1 0 1 0
1 0 0 1 0
0 0 0 0 1
1 0 1 1 0
1 0 1 1 1
0 1 1 0 1
1 1 1 0 0
0 1 1 0 1
0 1 1 1 1
1 1 1 0 1
0 1 1 0 0
1 1 1 1 0
0 1 0 0 1
1 1 0 1 1
1 1 1 1 0
0 0 0 1 0
1 0 0 1 0
1 1 0 1 0
0 0 1 1 1
0 1 0 1 1
0 0 1 0 1
1 1 1 1 0
0 1 0 0 1
1 1 0 0 0

31826051677008164861235316143161382
22121208485360981745022811107571534
33 32
1 1 0 1 1
1 0 1 0 1
0 0 0 1 0
1 1 1 1 0
0 0 1 0 1
0 0 1 1 0
1 1 0 0 1
1 1 1 1 0
0 1 0 0 1
0 1 1 1 1
1 1 1 1 0
1 0 1 0 1
1 1 1 1 1
0 0 0 0 0
1 1 0 0 1
0 0 0 0 0
1 0 0 0 1
1 0 1 0 1
1 0 1 0 1
1 1 1 1 0
1 1 1 0 0
0 0 0 0 1
1 0 0 0 0
1 1 1 0 1
1 0 1 1 0
0 0 0 1 0
1 1 1 0 1
0 1 1 0 0
0 0 0 1 0
1 1 1 0 0
0 0 1 0 1
1 1 0 0 1
1 0 0 0 0
1 0 0 0 1
1 0 1 1 1
0 0 1 1 1
1 1 0 0 1
0 1 1 1 0
0 1 1 1 1
0 1 1 0 0
1 0 0 0 1
0 1 1 0 1
0 1 0 1 0
0 1 1 1 0
1 0 0 0 0
1 1 1 1 0
1 1 0 1 0
0 0 0 1 0
1 1 1 0 1
0 1 1 0 1
1 0 1 1 1
0 0 1 0 0
1 1 0 1 1
1 1 1 0 1
0 0 1 1 0
1 0 0 0 0
0 1 0 1 0
1 0 0 1 1
1 1 0 0 1
1 1 0 0 1
1 1 0 1 1
0 1 1 0 0
1 0 1 0 0
0 1 1 1 1
1 1 1 0 0

9005969548403010092941930796566035
18941092688087538466329885366699251
33 32
0 1 0 0 0
1 1 0 0 0
0 0 1 0 0
0 1 0 0 1
1 0 1 1 1
1 0 0 1 1
1 0 1 1 0
1 0 0 1 1
1 1 1 1 1
1 0 0 1 1
0 1 1 0 0
0 0 0 0 1
1 0 0 1 1
0 1 1 0 1
0 0 0 1 1
1 1 0 1 0
0 0 1 1 1
1 0 1 1 0
0 1 1 0 0
1 1 0 1 0
0 1 1 0 1
0 0 0 0 0
1 1 0 0 0
1 1 1 0 1
1 0 1 0 0
1 0 1 0 1
1 0 1 0 0
1 1 1 0 1
1 1 1 1 1
1 1 0 0 1
1 0 0 0 1
1 1 1 0 0
1 0 0 0 0
1 0 0 1 0
0 0 1 0 0
0 1 0 0 1
0 0 1 1 0
1 1 0 1 1
0 0 0 0 0
0 0 1 0 0
1 1 0 1 0
1 0 1 0 0
1 0 1 1 0
0 1 0 1 1
0 0 1 1 0
0 0 1 0 0
0 0 1 0 1
0 0 1 1 0
0 1 1 0 1
1 0 1 0 1
0 1 0 0 0
0 0 1 0 0
1 0 0 1 0
1 0 0 1 1
0 1 1 0 1
0 1 1 1 0
1 1 1 1 1
0 1 0 1 1
0 1 1 1 0
1 1 0 0 1
0 0 0 0 0
1 0 1 0 0
1 0 1 1 0
0 0 0 1 1
1 1 1 1 0

3174576423550329342142795018291120
9823632038467994733785768789302943
33 32
1 1 0 1 1
1 0 1 1 0
1 0 0 0 1
0 0 0 0 1
0 0 1 0 0
1 0 0 1 1
1 1 0 0 1
0 0 1 1 0
1 0 1 1 1
0 0 1 1 1
1 0 0 0 0
0 0 0 1 1
1 0 1 0 1
0 1 0 0 0
1 1 1 1 0
0 0 0 0 1
1 0 1 0 0
1 0 0 0 0
0 0 0 0 0
1 1 1 1 0
0 0 0 0 1
1 0 1 0 1
1 0 0 0 0
1 0 1 0 1
1 0 1 0 1
0 1 0 0 0
0 1 0 0 1
1 0 0 1 1
1 1 0 0 1
1 1 1 0 1
0 1 0 0 1
1 0 1 1 1
1 0 0 0 0
0 1 1 0 1
0 1 1 0 0
0 0 0 0 0
1 0 1 1 1
0 1 1 1 0
0 0 1 0 1
0 1 1 0 1
0 0 1 1 1
0 1 0 0 1
1 1 1 0 1
1 1 1 0 0
1 0 1 1 1
1 1 0 1 1
1 0 0 1 1
1 0 1 1 0
0 1 1 0 0
0 0 1 0 0
1 0 0 0 0
0 0 0 0 1
1 0 0 1 0
1 1 1 1 1
0 1 1 1 1
0 0 1 1 1
0 1 0 1 0
0 0 1 1 0
0 1 1 1 0
1 0 1 1 0
0 1 1 0 1
1 1 0 1 0
0 0 0 0 1
0 0 1 0 1
0 1 0 0 0

9164721369904947344869921775200469
13357773981657696491741407501498429
33 32
1 1 0 1 0
1 1 1 0 0
0 0 0 0 1
0 0 1 0 0
1 0 1 0 0
1 0 1 0 1
0 1 1 0 0
1 0 0 1 0
1 0 1 1 1
1 1 1 1 0
0 0 0 1 0
1 1 1 0 1
1 0 1 0 1
0 1 0 1 1
1 0 0 1 1
1 1 0 0 0
0 1 0 0 0
1 1 1 1 1
0 0 1 0 0
1 1 1 0 0
1 0 1 0 0
0 1 1 1 0
1 1 0 1 0
0 0 1 0 1
0 0 1 0 0
1 1 0 1 0
0 0 1 1 1
0 0 1 0 0
0 1 1 0 1
1 1 1 1 1
0 0 1 1 1
1 1 1 0 1
1 0 0 0 0
0 0 0 1 1
0 0 1 1 0
0 0 0 0 1
0 0 1 1 0
0 0 1 0 0
0 0 1 1 1
1 1 1 0 0
0 0 1 1 0
1 1 1 1 0
1 1 1 1 1
0 1 0 0 0
0 0 0 0 0
1 1 0 1 0
1 1 1 0 0
0 1 0 0 1
0 0 0 1 1
1 1 1 0 1
1 1 0 0 1
0 1 1 0 1
1 1 1 0 0
1 1 0 1 1
1 0 0 0 0
0 1 0 1 1
0 0 1 1 1
1 0 0 0 1
0 0 0 0 0
1 0 0 1 0
0 0 1 0 1
0 0 1 0 0
0 1 1 1 0
1 1 0 1 1
0 0 1 0 0

14468351197432133737319208307170301
12319856265515164237701220359144588
33 32
0 1 0 1 0
1 1 1 0 1
1 1 0 1 1
0 0 0 1 0
1 0 0 0 1
1 1 0 1 0
1 0 0 0 1
1 0 0 0 1
0 1 1 0 1
0 0 0 1 1
1 0 1 0 0
0 0 1 1 0
1 0 1 0 1
1 1 1 0 0
0 0 0 0 0
1 1 0 0 0
0 1 0 0 1
0 1 0 1 1
0 0 1 1 1
1 0 0 0 0
0 1 0 1 0
1 0 1 1 1
1 1 1 1 0
0 1 1 1 1
1 1 1 1 0
1 1 0 1 1
0 1 0 0 0
0 1 0 0 0
0 1 0 0 0
0 0 1 1 1
0 0 1 0 0
0 0 1 0 0
1 0 0 0 0
1 1 0 0 0
0 1 0 1 1
0 1 1 0 0
1 0 0 1 0
1 1 1 0 1
0 0 0 1 1
0 1 1 1 0
1 1 1 1 0
1 0 1 1 0
1 1 0 1 0
1 0 1 1 0
1 0 1 0 1
0 0 0 1 0
1 0 1 1 1
0 1 0 0 1
1 0 0 1 1
0 0 1 1 1
0 0 1 0 1
1 0 0 0 0
1 0 0 1 1
0 0 1 1 1
0 1 1 1 0
0 1 0 0 0
1 1 0 1 0
1 1 0 1 0
1 1 1 1 0
1 1 0 0 0
1 0 0 0 1
0 0 0 1 0
0 0 0 0 1
0 1 1 1 1
1 1 0 0 1

29846311328276304337492712070787236
4488897626949262207028411338544193
33 32
1 1 1 1 0
0 0 0 0 0
1 1 0 0 0
1 0 1 0 1
1 1 0 0 1
1 1 1 1 0
0 0 0 0 1
1 1 0 0 1
0 0 1 0 0
0 1 0 0 1
1 0 1 0 1
0 1 1 0 1
1 1 1 1 0
1 1 1 1 1
0 0 0 0 0
0 0 0 0 1
1 1 0 0 0
0 0 1 0 0
1 1 0 0 0
0 1 0 0 0
1 0 1 0 1
0 0 0 1 1
1 1 1 1 0
1 1 1 1 1
0 0 0 1 1
0 1 0 0 0
1 0 1 1 0
0 1 0 0 0
1 0 1 0 0
1 0 1 1 1
0 0 0 0 0
1 0 1 1 0
1 0 0 0 0
1 1 1 0 1
1 1 0 1 0
1 0 1 1 0
1 1 0 1 1
0 0 0 1 0
1 1 0 0 1
1 1 0 0 0
0 0 1 1 0
0 1 1 1 1
0 1 0 1 1
1 1 1 0 0
1 0 0 1 0
1 1 1 0 0
1 0 0 0 0
0 0 1 0 1
0 1 0 0 1
0 1 1 1 0
0 0 1 0 0
0 0 1 1 1
0 1 0 1 0
0 0 1 1 1
0 1 0 1 1
0 0 0 0 1
1 1 0 0 1
1 0 1 0 0
1 0 1 1 0
0 1 1 0 1
1 1 0 0 1
1 0 1 0 1
1 1 0 0 0
1 0 0 0 0
1 0 1 0 0

17131036037073995517540379755840594
31568223117226203919496849077778871
33 32
0 1 1 1 1
0 0 1 1 1
1 1 0 1 1
1 1 1 0 0
1 1 1 0 1
1 1 0 0 0
1 0 1 1 0
0 1 1 0 0
1 0 0 0 1
1 0 0 1 1
1 1 0 1 0
1 1 1 1 0
1 0 1 0 1
1 0 1 0 0
1 0 1 1 1
0 0 1 1 1
0 1 0 1 0
1 1 0 0 0
1 0 1 1 1
0 1 1 1 1
1 1 0 1 1
0 0 1 1 0
1 0 1 0 1
1 0 1 1 0
0 1 0 1 1
1 1 0 0 1
0 0 0 0 1
0 1 1 1 1
0 1 1 0 1
0 1 1 0 0
1 1 1 0 0
1 1 0 0 0
1 0 0 0 0
1 1 1 0 0
1 1 0 0 0
0 1 0 0 0
1 1 0 0 0
0 0 0 0 0
1 1 0 1 1
1 0 0 1 1
1 0 0 0 1
0 0 1 1 0
1 0 0 0 1
1 0 0 1 0
0 1 0 1 1
0 1 0 1 1
0 0 1 0 0
1 0 0 1 0
0 0 0 1 1
0 0 1 1 1
1 0 1 0 1
1 0 1 0 1
0 1 1 0 1
0 0 0 0 0
0 0 0 0 0
1 1 1 1 0
0 1 0 1 1
0 0 1 1 1
1 1 1 0 1
1 0 1 0 1
0 1 1 0 0
1 1 0 0 1
1 0 1 0 1
0 0 1 1 1
0 0 0 1 0

1298221860536269712739958929732023
14178932697692970874175814264191935
33 32
0 1 1 1 0
0 0 0 0 1
1 0 0 1 0
1 1 1 0 1
1 1 0 0 1
1 0 1 1 0
0 1 1 1 1
1 0 1 1 0
1 1 1 0 1
0 0 1 0 0
1 1 0 1 1
1 1 1 1 0
1 1 1 1 0
1 1 1 0 1
0 1 1 1 1
0 0 0 1 1
0 0 0 1 1
1 1 1 0 1
0 0 0 0 0
1 0 1 0 0
0 1 0 1 1
0 1 1 1 0
0 1 1 1 0
1 0 0 1 0
0 0 1 0 0
0 0 1 0 0
0 1 1 0 0
0 1 1 0 0
1 0 0 0 1
0 0 0 1 0
0 1 1 1 1
1 0 0 1 0
1 0 0 0 0
0 1 1 1 1
0 0 0 0 0
0 1 1 1 1
0 0 0 1 1
0 1 1 0 1
1 1 1 1 0
1 0 0 1 0
1 1 1 0 1
0 1 0 1 0
0 1 1 1 0
0 0 1 1 1
1 0 0 0 0
1 0 1 0 0
0 0 0 0 0
1 0 0 1 0
1 0 0 0 0
0 1 1 0 1
1 1 0 0 1
0 1 1 0 0
1 1 0 0 0
0 0 0 0 0
1 1 1 1 0
0 1 1 1 1
1 0 1 1 0
0 1 0 1 0
1 0 1 0 0
0 1 0 1 1
1 1 0 1 1
0 0 1 0 0
1 1 0 1 0
0 0 0 1 0
0 0 0 1 1

32120839743095224891888867695143191
24771513021405829881066774125084246
33 32
0 0 0 1 0
0 0 0 1 1
1 0 0 1 1
1 1 0 1 1
1 1 0 1 0
1 1 0 0 0
0 0 1 0 1
0 0 1 1 0
0 0 0 0 1
0 1 0 0 1
1 0 0 0 1
0 1 1 0 0
0 1 1 0 0
1 0 1 1 1
0 0 0 0 1
1 1 0 1 0
0 0 1 1 1
1 1 1 0 0
0 1 1 0 1
1 0 1 0 0
0 1 1 1 1
1 0 1 0 0
0 0 0 0 0
1 1 0 1 0
0 0 0 1 1
0 1 0 0 0
1 0 1 1 0
1 1 1 1 0
1 1 1 1 1
0 1 1 0 1
0 1 1 1 1
0 0 1 0 1
1 0 0 0 0
0 0 0 1 0
0 1 1 1 1
0 0 0 1 0
1 0 0 1 1
0 0 0 1 0
0 1 1 0 1
1 0 0 1 0
1 0 0 0 0
1 1 1 0 0
0 1 1 0 0
0 0 1 0 0
1 1 0 0 1
1 1 1 0 1
1 1 1 1 0
1 1 0 0 0
0 1 1 0 0
1 1 1 0 0
0 0 0 0 0
1 1 0 1 1
1 0 1 0 0
0 0 0 1 1
1 0 0 0 1
0 0 1 0 1
0 1 0 0 1
1 1 0 1 0
1 0 1 1 0
1 0 1 1 1
1 0 0 0 1
0 0 1 0 0
1 1 1 1 1
0 1 1 1 1
1 0 0 0 0

13106770299469005805284315445195812
21732205240137037134973334725215579
33 32
0 0 1 0 1
0 1 0 0 1
1 0 1 0 0
0 1 1 1 1
0 0 0 1 0
1 0 1 0 1
0 0 0 1 0
1 1 0 1 0
0 0 0 0 1
1 0 0 1 1
1 1 1 1 0
1 0 0 0 1
0 0 1 1 1
1 0 0 0 1
1 0 1 1 1
0 1 0 0 1
0 1 1 1 1
1 1 0 1 0
1 1 1 0 0
1 1 0 0 0
1 1 1 0 0
1 0 0 1 0
1 0 0 1 0
0 0 0 1 0
0 0 0 1 0
0 1 1 1 0
0 0 1 1 1
0 0 1 0 1
0 1 0 1 0
1 1 1 0 1
0 0 0 1 1
0 0 0 0 0
1 0 0 0 0
0 1 0 1 1
0 1 1 0 0
1 1 1 0 1
0 0 0 0 0
1 1 0 0 0
1 1 0 1 1
1 0 0 0 0
0 0 1 0 1
0 0 1 0 0
1 0 0 0 1
0 1 1 1 0
1 0 0 1 0
0 0 0 0 1
0 0 0 1 0
1 0 1 1 0
0 0 0 1 0
0 0 0 0 0
0 0 0 0 1
1 0 0 1 1
1 1 0 0 1
1 0 0 0 0
1 0 0 0 1
0 1 1 0 0
1 1 1 1 0
1 0 1 0 1
1 0 0 1 1
1 1 0 0 0
0 0 1 1 0
0 1 1 1 1
1 1 0 1 0
0 0 1 1 0
0 1 0 0 0

10575268399535617038646959197018664
13691114218551102755999939573542885
33 32
0 0 0 0 0
0 0 1 0 0
0 1 0 0 1
1 1 0 0 0
0 0 0 1 0
1 1 0 1 1
0 0 1 0 0
1 0 1 1 0
1 1 0 1 0
0 0 1 1 0
1 1 1 1 1
1 0 0 1 0
0 1 0 1 1
0 0 0 1 1
0 0 0 1 0
0 1 0 0 0
0 0 1 0 1
1 1 0 0 0
0 1 1 1 0
0 1 1 1 0
0 1 0 1 0
0 1 0 1 0
0 0 0 0 0
0 1 1 1 1
1 1 0 1 1
0 0 0 1 0
0 0 1 1 0
0 1 1 0 1
1 1 0 0 1
1 1 1 1 0
1 0 0 0 0
0 0 1 0 0
1 0 0 0 0
0 0 0 0 0
1 0 0 1 1
0 0 1 0 1
0 0 0 0 1
1 1 0 1 1
0 1 0 0 1
1 0 0 1 0
0 0 0 0 1
1 1 1 1 0
0 1 1 0 0
0 1 0 0 1
0 0 0 0 1
1 0 1 0 0
0 1 1 1 0
0 0 0 0 0
1 1 1 1 0
0 1 1 1 0
0 0 1 1 0
0 0 0 0 1
0 0 1 0 0
1 1 0 0 1
1 1 1 1 0
1 0 1 0 1
1 1 0 1 1
0 0 1 0 0
0 1 1 1 0
1 0 0 1 0
1 1 0 1 1
1 1 1 0 0
1 0 1 0 1
1 0 0 1 0
0 0 1 0 0

9480053134495530459022623659135908
3057325064159079844240258864935288
33 32
0 1 0 0 1
1 1 0 1 1
0 0 0 0 0
0 0 0 0 0
0 1 0 1 1
0 1 0 0 1
1 0 1 1 0
0 0 1 1 0
1 1 1 1 1
1 0 0 0 0
0 0 1 1 0
1 0 1 1 1
0 1 1 0 0
0 0 1 0 0
0 1 1 0 0
0 0 0 1 1
1 1 1 0 1
0 1 0 1 0
0 1 1 0 1
0 1 1 1 0
0 0 0 0 0
1 1 1 0 1
1 1 0 1 1
1 0 1 1 1
0 0 0 0 1
1 1 1 0 1
1 0 0 1 1
0 0 1 1 1
0 0 1 0 0
0 1 0 1 0
1 0 0 0 0
1 0 1 1 0
1 0 0 0 0
1 0 1 1 1
1 0 0 0 0
1 0 0 1 0
1 0 0 1 1
0 0 1 0 0
1 0 1 1 1
1 0 1 1 0
1 0 0 1 1
0 0 1 0 0
1 0 0 0 1
1 1 1 1 0
1 1 1 0 1
0 1 1 0 0
1 1 1 0 0
0 0 1 1 0
1 0 0 1 1
1 0 0 1 1
1 1 0 0 0
0 0 0 0 0
0 0 1 0 1
1 1 1 1 1
1 1 0 1 0
1 1 0 0 0
1 0 1 1 1
0 0 1 0 0
0 0 1 1 0
0 1 1 1 1
1 1 0 1 0
1 1 0 0 0
0 0 0 1 1
1 1 0 0 1
0 1 1 0 0

13508998939105966870261967449565614
23757714992146020866275511744340721
33 31
1 0 0 1 1
1 1 0 1 1
0 0 1 1 1
0 0 1 1 0
0 0 1 1 0
0 0 0 0 0
0 0 1 1 1
1 0 0 0 1
0 0 0 0 0
0 1 0 0 1
0 1 1 0 1
1 0 1 0 1
0 1 1 0 0
0 1 0 1 0
0 1 0 0 1
0 0 0 1 0
0 0 0 0 1
1 0 0 1 0
1 1 1 0 1
1 1 1 0 0
1 1 1 1 1
0 0 1 1 1
1 0 0 1 1
1 0 1 0 1
1 1 1 0 1
1 0 0 0 1
0 0 1 0 1
1 1 0 1 1
0 1 1 0 0
0 1 1 1 1
0 1 1 1 1
1 0 0 1 0
1 0 0 0 0
0 0 0 1 0
1 1 1 1 1
0 0 1 1 1
0 1 1 0 1
1 0 1 0 1
0 0 0 1 1
1 0 1 1 1
1 0 1 0 0
0 1 1 0 1
1 0 1 0 1
0 0 0 1 1
0 0 0 0 0
1 0 1 0 0
0 1 1 0 1
0 0 0 0 1
1 0 1 1 1
1 0 0 0 0
0 0 0 0 0
1 0 1 1 0
1 1 1 1 0
0 0 1 1 1
0 1 1 1 1
1 1 1 1 1
0 0 0 0 1
0 0 1 0 1
1 1 1 1 1
1 0 1 0 1
0 0 0 1 1
0 1 1 1 1
0 0 1 1 1
1 0 1 1 0

12616821564624321235435095213002673
33242593167691528891747421280734473
32 31
1 1 1 1 0
0 1 1 1 0
1 0 0 0 0
0 1 1 0 0
0 0 1 0 1
1 1 1 0 1
0 0 1 0 0
1 0 1 0 0
1 0 1 1 1
0 0 0 0 0
1 1 1 0 0
0 1 1 0 0
1 1 1 1 0
1 0 1 0 1
1 1 1 0 0
0 1 1 1 0
1 0 0 1 1
0 1 0 1 0
0 0 0 1 1
0 1 0 1 0
1 0 0 1 1
1 1 1 1 0
0 1 1 1 1
1 1 0 0 1
1 1 0 0 1
1 0 0 0 1
1 0 1 1 1
0 1 0 1 1
0 1 1 1 1
1 0 0 0 0
1 1 1 1 0
1 0 0 0 0
0 1 1 0 0
1 0 0 1 1
0 1 1 1 1
0 0 0 0 0
0 1 0 1 1
1 1 0 1 1
1 0 0 0 0
1 1 1 0 0
0 1 1 1 1
0 0 0 1 1
0 1 1 1 0
0 1 1 0 0
0 0 0 0 0
1 0 0 0 0
0 0 1 0 1
0 0 0 1 0
1 0 0 1 0
1 0 1 1 0
1 0 0 1 0
0 0 0 1 0
1 1 0 1 1
0 1 1 0 0
1 0 1 1 1
0 1 0 0 1
0 0 0 1 1
1 0 0 1 0
0 1 0 1 1
1 0 1 0 1
1 0 1 0 0
0 1 0 0 1
1 1 0 1 0

25475499351583781038804983914096296
28814534077475960204166655439874615
33 32
1 0 0 1 1
1 1 1 0 0
1 1 0 0 1
0 1 0 0 1
0 0 1 0 1
0 1 1 0 1
0 1 0 0 1
1 1 1 1 1
0 1 0 1 0
0 0 0 0 0
1 0 0 1 0
1 1 0 0 0
1 1 0 1 1
1 0 0 0 1
0 0 0 1 1
1 0 1 0 1
1 0 1 1 0
0 0 0 1 1
1 0 1 0 0
0 0 0 1 0
1 0 1 0 0
1 0 0 0 1
1 1 0 1 1
0 0 0 0 1
0 1 1 1 1
1 1 0 1 0
0 0 1 1 1
0 0 1 0 0
1 0 0 1 0
1 0 0 1 1
1 0 1 0 1
1 1 1 0 0
1 0 0 0 0
1 1 1 0 1
0 1 0 1 0
1 0 1 1 1
0 0 0 1 0
1 0 0 0 0
1 1 0 0 0
0 0 1 0 1
1 1 0 0 0
0 0 1 0 0
0 1 0 1 0
1 1 1 1 0
1 1 0 1 1
1 1 0 1 0
0 0 0 1 1
0 1 1 0 1
0 1 1 0 0
1 1 1 0 1
0 0 1 0 1
1 1 0 0 1
0 1 0 0 0
0 0 1 0 1
0 1 0 0 1
1 0 1 1 0
1 1 0 0 0
0 0 1 1 0
1 1 1 0 1
0 1 0 0 0
1 1 0 0 1
1 1 0 1 1
1 0 0 1 1
0 0 0 0 1
1 0 1 1 0

33762906200498181667596351751459533
18291059735066327755210093418602910
33 32
0 1 1 1 0
1 0 0 1 1
0 1 0 1 0
1 0 0 0 1
0 0 0 0 0
0 0 0 1 1
0 0 1 1 0
1 1 0 0 0
1 0 0 0 0
0 1 0 0 0
0 0 1 0 0
0 1 1 0 1
0 0 0 0 0
0 1 0 0 1
0 0 1 1 1
0 1 1 0 1
1 0 1 0 0
0 1 1 1 1
1 0 0 0 0
0 0 0 0 0
1 0 1 0 1
1 0 1 1 0
1 1 1 0 0
1 0 1 0 0
1 0 0 1 0
0 1 1 1 1
1 1 0 1 1
1 1 0 1 0
1 0 0 1 0
0 0 1 1 0
1 1 1 1 1
0 1 0 1 1
1 0 0 0 0
0 0 1 0 1
0 0 1 1 0
0 0 1 1 1
1 0 0 0 1
0 1 0 0 1
0 1 0 1 0
0 1 0 1 0
1 0 0 1 1
0 0 0 0 1
1 0 1 1 0
0 0 1 1 1
1 0 1 0 0
1 1 0 1 0
0 1 0 1 1
1 1 1 1 0
0 0 0 1 1
1 1 0 0 1
1 1 0 1 0
1 1 0 1 1
0 0 0 1 1
0 1 0 1 1
0 1 0 0 1
1 0 1 1 0
1 0 1 0 0
1 1 0 1 1
0 0 1 1 0
0 0 1 1 1
1 0 0 1 0
0 0 0 1 1
1 0 0 0 1
0 1 1 1 0
1 1 1 1 0

34339813072447773114117260931400741
1832287783141793690678944969091194
33 32
1 1 0 0 0
1 1 0 1 1
1 0 0 0 0
0 1 0 1 1
0 1 1 0 0
1 1 1 0 0
0 0 0 1 1
0 0 0 1 1
0 0 0 0 1
0 1 1 1 1
0 1 1 1 0
1 0 1 0 1
0 0 1 1 1
1 0 0 1 1
1 1 1 0 0
1 0 1 0 1
0 1 1 0 1
0 1 1 1 1
0 0 1 1 1
1 0 1 0 1
1 1 1 1 1
1 1 1 1 0
1 1 0 1 1
0 1 0 0 1
1 1 1 1 0
1 0 1 1 1
1 1 0 0 0
1 0 1 0 0
1 1 0 0 1
0 1 0 1 0
0 0 0 1 0
0 0 0 0 0
1 0 0 0 0
0 1 1 0 0
0 1 1 1 1
1 0 1 0 1
1 1 0 1 0
0 1 1 1 0
0 1 0 1 1
1 0 1 0 1
1 0 1 1 1
1 0 0 1 1
0 0 1 1 1
1 1 0 0 0
1 1 1 0 0
1 0 0 1 0
0 0 0 0 1
1 1 0 0 1
0 1 0 0 1
1 0 1 1 1
0 1 1 0 1
1 0 1 1 0
0 1 1 1 0
0 0 0 1 1
0 0 1 0 1
0 1 0 0 1
0 0 0 0 1
0 0 0 0 0
1 0 0 0 1
1 1 0 1 0
0 1 0 1 1
1 1 0 0 0
1 0 0 1 1
1 1 1 0 1
1 1 1 1 0

22607907217023491159107494322522570
18575000240193060678644829999986347
33 32
1 1 0 0 1
1 0 1 1 1
1 1 1 1 0
1 1 1 1 1
0 1 0 0 1
0 0 0 1 1
0 0 0 0 1
0 0 0 1 1
1 1 1 0 0
0 1 1 0 1
0 1 1 1 1
1 1 0 1 1
1 1 1 0 0
1 0 0 0 0
1 1 1 0 0
0 0 0 0 1
1 1 0 1 1
0 1 1 0 1
0 1 1 1 1
0 0 0 0 1
0 0 0 1 1
1 1 1 0 0
1 1 1 1 1
0 1 0 0 0
0 1 0 0 0
0 1 0 0 1
1 0 0 0 0
1 1 0 1 0
1 1 1 1 0
0 0 1 1 1
0 1 0 1 1
0 0 1 0 1
1 0 0 0 0
1 0 1 0 1
1 1 1 0 1
0 1 1 0 0
0 1 1 0 0
1 0 0 1 1
1 0 1 0 0
1 1 1 0 0
0 1 1 0 0
1 0 1 0 1
1 1 0 1 1
1 1 0 1 0
1 1 0 0 0
0 0 0 1 0
0 1 0 1 0
0 1 0 1 0
1 1 1 0 0
1 1 1 0 0
1 1 0 1 0
1 1 0 1 1
1 0 0 0 1
0 0 0 1 0
0 1 1 1 0
1 1 0 0 0
1 0 0 1 0
0 1 1 0 0
1 0 1 1 1
0 0 1 1 1
0 1 1 0 1
0 1 0 0 1
1 1 0 1 0
0 0 1 0 0
1 0 0 1 1

3498438319334000544881600075603975
3865742257729680807228848555859163
33 32
0 0 1 1 1
1 1 0 0 0
1 1 0 1 0
1 1 0 1 0
0 1 1 0 1
0 0 1 0 0
0 1 1 1 1
0 1 1 0 1
0 1 0 0 0
1 0 0 1 1
1 0 1 1 0
0 0 0 1 1
1 0 0 0 1
0 1 1 1 1
1 0 1 0 1
0 1 0 0 0
1 0 0 0 0
1 1 0 0 0
0 0 0 0 1
0 0 1 0 0
0 1 1 1 1
0 1 1 1 1
0 0 0 1 0
0 1 1 1 1
0 0 1 0 1
1 0 1 1 1
0 0 1 0 0
1 1 1 1 0
0 0 1 1 0
1 1 0 0 1
1 0 1 1 1
1 0 0 1 1
1 0 0 0 0
0 1 0 1 0
0 1 1 1 0
0 1 1 1 0
0 1 1 1 0
1 0 1 0 1
0 0 0 0 0
1 1 0 0 1
0 0 0 1 0
0 0 1 1 1
1 1 0 1 1
1 0 1 1 0
0 0 0 1 1
0 1 1 1 1
0 0 1 1 1
0 0 0 1 1
1 1 1 0 0
1 0 0 0 1
1 1 1 1 1
1 1 1 0 1
0 0 0 1 0
0 1 1 0 1
1 1 0 0 0
0 0 1 1 0
0 0 1 1 0
1 1 0 0 1
1 1 1 0 0
1 0 1 1 0
0 0 1 0 0
1 0 1 0 1
0 0 1 0 1
1 0 1 1 1
1 0 0 1 0

