32594092974127147565047004148365037
31605351096195459050996533262858021
33 32
1 1 1 0 0
1 0 1 0 0
1 0 0 0 0
0 1 1 0 0
0 1 1 0 0
0 0 0 0 1
1 1 1 1 0
1 0 1 0 1
0 0 0 1 1
1 0 0 1 0
1 0 0 0 0
0 0 1 0 1
0 1 1 1 0
0 0 0 0 1
1 0 0 0 0
1 0 1 0 0
0 1 1 1 0
0 1 1 0 0
1 0 0 0 1
0 0 0 1 1
1 0 0 0 0
1 0 1 1 1
1 1 0 1 0
0 1 0 0 0
0 1 0 1 1
1 0 1 1 0
0 0 0 1 1
0 1 0 1 0
0 1 1 0 0
1 0 0 0 0
1 1 0 0 1
0 1 1 1 0
1 0 0 0 0
1 0 1 0 0
0 0 0 1 0
1 0 0 0 1
0 1 1 1 0
0 0 0 0 0
1 0 1 1 0
1 0 0 1 0
1 0 1 1 0
0 0 1 1 0
0 1 1 1 1
0 1 1 0 1
1 1 1 1 1
0 0 1 0 1
0 1 0 0 1
1 1 1 0 0
0 1 0 0 1
0 1 0 0 1
0 1 0 0 1
1 1 1 0 0
0 0 1 0 1
1 1 1 0 1
0 1 1 1 1
1 0 0 0 0
1 0 1 1 0
0 0 0 0 1
1 0 1 1 0
0 0 0 0 1
1 0 1 0 1
1 1 0 1 0
0 0 1 0 0
0 1 0 0 1
0 1 0 1 1

